0.000000
0.000000
0.000000
0.000000
0.000000
0.000000
0.000000
0.000000
0.000000
0.000000
0.000000
0.702266
0.702266
0.702266
0.000000
0.000000
0.000000
0.000000
0.000000
0.000000
0.000000
0.000000
0.000000
0.000000
0.000000
0.000000
0.000000
0.000000
0.000000
0.000000
0.000000
0.000000
0.000000
0.000000
0.000000
0.000000
0.000000
0.000000
0.000000
1.679483
1.679483
1.679483
0.000000
0.000000
0.000000
0.000000
0.000000
0.000000
0.000000
0.316655
0.316655
0.316655
0.000000
0.000000
0.000000
0.000000
0.000000
0.000000
0.000000
0.000000
0.000000
1.700245
1.700245
1.700245
0.000000
0.000000
2.473440
2.473440
0.804577
0.804577
0.804577
0.000000
0.000000
0.000000
0.000000
0.000000
0.000000
0.000000
0.000000
0.000000
0.000000
0.000000
0.000000
0.000000
0.000000
0.000000
0.000000
0.000000
0.000000
1.904861
1.904861
1.904861
1.904861
1.904861
8.763925
8.763925
1.676575
1.676575
1.676575
1.019132
1.019132
1.019132
1.998130
1.998130
1.998130
1.998130
2.096052
2.096052
2.096052
1.551693
1.551693
1.551693
0.000000
0.000000
0.000000
2.067244
2.067244
2.067244
2.067244
0.000000
0.000000
0.000000
0.000000
0.000000
0.000000
0.000000
1.010651
1.010651
1.010651
0.000000
0.000000
0.000000
0.000000
0.000000
0.000000
3.487335
3.487335
3.487335
3.608791
3.608791
3.608791
3.608791
3.120315
3.120315
1.326976
1.326976
3.330618
3.330618
3.330618
3.653634
3.653634
0.000000
0.000000
0.000000
0.000000
3.691972
3.691972
2.593991
2.593991
2.593991
3.219318
3.219318
3.701848
3.701848
3.701848
3.701848
2.163345
2.163345
2.163345
2.163345
1.788539
1.788539
1.788539
1.788539
0.000000
0.000000
0.000000
0.000000
0.000000
0.000000
0.000000
0.000000
2.864217
2.864217
2.864217
2.267783
2.267783
2.267783
2.267783
4.958379
4.697096
3.615188
3.615188
3.615188
5.928841
5.928841
6.856572
6.856572
6.856572
6.856572
7.728308
7.728308
7.728308
7.077822
7.077822
5.954290
5.954290
5.954290
6.429290
6.429290
6.429290
6.444795
6.720988
6.720988
6.720988
5.913966
5.913966
5.913966
5.913966
6.279876
6.279876
6.279876
6.466003
6.466003
6.466003
6.879288
6.879288
6.879288
6.879288
6.475428
6.475428
6.475428
6.564189
6.564189
6.564189
6.067721
6.067721
6.067721
6.067721
6.381459
6.381459
5.342960
5.342960
5.202967
5.202967
6.120561
6.120561
5.786658
5.786658
5.786658
6.312928
6.312928
5.942865
5.942865
5.942865
5.942865
5.942865
5.872507
5.872507
5.872507
6.342267
6.342267
7.348421
7.348421
7.348421
7.348421
7.348421
7.348421
7.348421
7.348421
7.348421
7.348421
7.348421
7.348421
7.348421
7.348421
6.272590
6.669935
6.970129
6.666375
6.811597
6.393480
6.968647
6.968647
6.106216
6.106216
6.106216
6.622059
6.622059
6.622059
6.622059
5.691883
5.691883
5.691883
5.972856
5.972856
5.972856
5.972856
6.522551
6.522551
6.522551
6.258800
6.258800
6.258800
5.615282
5.615282
5.615282
5.128436
5.128436
5.128436
6.563280
6.563280
6.563280
6.563280
5.547204
5.547204
5.953410
5.953410
5.953410
5.953410
6.618352
6.618352
6.618352
6.544170
6.544170
6.544170
5.680325
5.680325
5.680325
5.760646
5.760646
5.760646
5.654001
5.654001
5.685624
5.685624
5.671995
5.671995
5.671995
6.655905
6.655905
6.655905
6.655905
6.655905
6.483587
6.483587
6.483587
7.311406
7.311406
