0.000000
5.524967
3.687482
6.161852
6.341650
6.459202
6.603010
6.582235
6.665251
6.175751
6.314081
6.889041
6.771934
6.846619
7.103417
6.934901
6.703524
3.165274
3.566262
2.585783
2.585783
2.585783
6.717473
6.717473
6.041609
5.277371
5.277371
5.277371
5.907656
5.907656
4.972208
4.972208
4.972208
4.972208
5.543792
4.051822
4.354364
4.159649
4.137445
5.072915
4.887016
5.461973
4.732717
4.378608
5.538559
5.884308
5.079730
5.199512
5.294090
5.363167
5.471313
7.260028
4.504004
4.832483
4.281362
3.899862
4.502322
5.584221
7.148240
5.533035
5.280209
6.149604
6.161464
6.291820
6.589963
6.544967
5.501278
1.246957
1.246957
4.650915
4.694273
6.160362
5.894834
5.858761
6.536222
6.074455
7.012556
7.012556
7.012556
5.174964
5.233209
5.170003
4.698335
5.029608
5.029608
5.029608
5.030992
4.913075
4.835814
4.835814
4.900723
4.544457
5.510864
5.507080
5.676610
5.676610
5.868064
4.826837
5.299477
5.221973
5.564290
5.564290
5.492967
5.316509
4.799263
5.216000
0.000000
0.000000
5.568257
5.862637
5.844387
5.527121
1.967529
1.967529
5.501439
5.128596
5.523444
5.509446
5.607662
5.607662
5.355679
5.439810
5.967509
6.685629
5.723795
5.723795
5.490773
5.700857
5.339578
5.620182
5.517549
5.517549
3.090197
6.921913
4.693281
3.829976
3.166602
3.166602
4.590517
1.761704
5.712828
1.512187
3.951418
3.951418
4.117726
3.829090
3.548888
6.400761
5.941137
5.941137
6.907367
6.738599
6.500620
6.717334
6.969420
6.969420
6.996424
6.804877
5.890239
6.056916
6.113428
6.113428
6.364349
3.334347
6.650555
6.060599
6.761273
6.762748
6.762748
6.890980
6.758245
6.557084
6.692651
6.732512
6.732512
6.577853
5.456634
6.783383
6.622516
6.832580
6.832580
6.029236
6.319524
6.667942
5.279032
7.304030
7.304030
5.331379
5.177883
4.834820
2.180032
7.606337
7.606337
7.919898
0.000000
5.481794
8.459570
6.927386
6.927386
-5.335526
-4.466464
-8.237499
-5.976449
-7.734522
-7.734522
-7.467474
-9.196510
-9.681243
-10.054051
-9.325121
-9.325121
-9.885855
-8.541912
-9.779381
-9.390764
-10.277968
-10.277968
-9.879247
-9.977981
-9.882193
-10.754747
-10.190766
-10.190766
-9.625509
-10.764844
-11.496610
-9.344747
-12.941236
-12.941236
-13.638539
-10.201082
-9.497399
-11.611940
-9.280214
-9.280214
-13.162342
-9.491262
-9.696228
-9.383749
-8.798656
-8.798656
-9.662424
-10.372915
-10.086489
-10.251554
-9.947613
-9.947613
-9.775245
-9.588464
-9.479557
-10.463089
-9.993902
-10.059787
-10.059787
-9.850826
-10.918930
-10.265762
-9.740235
-9.630231
-9.630231
-11.064147
-8.854172
-9.951401
-9.111167
-10.530779
-10.530779
-8.381643
-10.644446
-7.802039
-8.519778
-8.503809
-8.503809
-9.388795
-8.558174
-8.965096
-8.734157
-8.657223
-8.657223
-8.289292
-10.156009
-8.669741
-8.743406
-9.617823
-9.617823
-8.575593
-10.389045
-8.439415
-8.570642
-8.522239
-8.522239
-8.812644
-8.776444
-9.872168
-9.441534
-9.368092
-9.368092
-8.547508
-8.963191
-8.257031
-9.066443
-8.572715
-8.572715
-8.244104
-8.851578
-8.470694
-8.322280
-9.593072
-9.593072
-9.158163
-9.906909
-10.083571
-10.091374
-9.893976
-9.893976
-9.913773
-9.808239
-9.903230
-9.274420
-10.524589
-10.524589
-9.676650
-10.378229
-9.018538
-10.007027
-10.196848
-10.196848
-9.858992
-10.076801
-10.097015
-10.481101
-9.860494
-9.442045
-9.442045
-9.801931
-9.429377
-9.997658
-9.604679
-10.079359
-10.079359
-9.441845
-9.677889
-9.626079
-9.456659
-9.556374
-9.556374
-9.491847
-9.707345
-9.675908
-10.602457
-9.588759
-9.588759
-10.079899
-10.135753
-10.126422
-9.399266
-9.444126
-9.444126
-9.515715
-9.257625
-8.919131
-9.262143
-9.180549
-9.180549
-9.091805
-9.090296
