0.000000
0.000000
0.000000
0.000000
0.000000
0.000000
0.000000
0.000000
0.000000
0.000000
0.000000
0.000000
0.000000
0.000000
0.000000
0.000000
0.000000
0.000000
0.000000
0.000000
0.000000
0.000000
0.000000
0.000000
0.000000
0.000000
0.000000
0.000000
0.000000
0.000000
0.000000
0.000000
0.000000
0.000000
0.000000
0.000000
0.000000
0.000000
0.000000
0.000000
0.000000
0.000000
0.000000
0.000000
0.000000
0.000000
0.000000
0.000000
0.000000
0.000000
0.000000
0.000000
0.000000
0.000000
0.000000
0.000000
0.000000
0.000000
0.000000
0.000000
0.000000
0.000000
0.000000
0.000000
0.000000
0.000000
0.000000
0.000000
0.000000
0.000000
0.000000
0.000000
0.000000
0.000000
0.000000
0.000000
0.000000
0.000000
0.000000
0.000000
0.000000
0.000000
0.000000
0.000000
0.000000
0.000000
0.000000
0.000000
0.000000
0.000000
0.000000
0.000000
0.000000
0.000000
0.000000
0.000000
0.000000
0.000000
0.000000
0.000000
0.000000
0.000000
0.000000
0.000000
0.000000
0.000000
0.000000
0.000000
0.000000
0.000000
0.000000
0.000000
0.000000
0.000000
0.000000
0.000000
0.000000
0.000000
0.000000
0.000000
0.000000
0.000000
0.000000
0.000000
0.000000
0.000000
0.000000
0.000000
0.000000
0.000000
0.000000
0.000000
0.000000
0.000000
0.000000
0.000000
0.000000
0.000000
0.000000
0.000000
0.000000
0.000000
0.000000
0.000000
0.000000
0.000000
0.000000
0.000000
0.000000
0.000000
0.000000
0.000000
0.000000
0.000000
0.000000
0.000000
0.000000
0.000000
0.000000
0.000000
0.000000
0.000000
0.000000
0.000000
0.000000
0.000000
0.000000
0.000000
0.000000
0.000000
0.000000
0.000000
0.000000
0.000000
0.000000
0.000000
0.000000
0.000000
0.000000
0.000000
0.000000
0.000000
0.000000
0.000000
0.000000
0.000000
0.000000
0.000000
0.000000
0.000000
0.000000
0.000000
0.000000
0.000000
0.000000
0.000000
0.000000
0.000000
0.000000
0.000000
0.000000
4.679032
5.553885
6.846295
8.743646
10.541008
10.987993
11.370467
12.836626
13.539268
13.381421
13.381421
13.381421
13.381421
13.381421
13.381421
13.381421
13.381421
13.381421
13.381421
13.941374
13.564463
14.204009
14.204009
13.714831
13.869797
13.528511
13.668988
13.448325
13.978024
13.692191
13.934500
13.579428
14.093490
14.154140
14.479225
14.283275
14.183246
11.027413
13.785180
13.644108
13.662159
13.963214
13.660501
13.666677
14.201698
14.000834
14.028215
14.277745
12.084912
11.723618
14.469935
14.457918
14.273523
14.205570
11.899322
14.307512
14.010065
14.059294
14.059294
13.808394
13.908385
14.149509
14.233519
14.277946
14.522364
14.224046
13.615509
13.732181
14.058921
13.835584
13.552049
13.585880
13.676406
13.676406
13.676406
13.676406
13.603810
14.069072
13.884526
14.490165
14.122007
14.321494
14.321494
13.997650
14.295575
14.025581
11.666932
11.065978
14.490893
14.068570
14.068570
14.028686
13.924686
13.625726
10.531306
10.531306
10.531306
14.135911
14.135911
14.304813
14.079712
13.837869
11.591797
14.403589
14.511976
11.243518
11.662774
11.275367
11.501987
11.501987
14.251966
11.369939
11.369939
14.013741
10.300602
14.293940
14.152955
14.152955
14.152955
14.462933
14.462933
14.462933
14.248438
14.106641
14.220451
10.611084
14.059312
13.714744
13.792024
14.196288
13.940803
14.177107
13.942154
14.265739
13.670178
13.670178
14.166340
13.769454
13.841884
14.180781
14.016217
9.972051
14.065623
14.065623
11.683694
11.314885
10.969841
10.969841
14.318835
11.009968
11.126802
14.039572
14.737872
14.396403
14.040280
11.685390
11.685390
11.685390
11.685390
14.415792
14.415792
14.592262
14.494503
14.620939
14.620939
14.604287
14.562779
14.659906
11.912622
11.912622
11.912622
11.940320
13.911237
14.193105
13.930272
14.078381
14.078381
14.278159
14.516305
14.244975
14.244975
