0.000000
0.000000
0.000000
0.000000
0.000000
0.000000
0.000000
0.000000
0.000000
0.000000
0.000000
0.000000
0.000000
0.000000
0.594166
0.000000
0.000000
0.000000
0.000000
0.000000
0.000000
0.000000
0.000000
0.000000
0.000000
0.000000
0.000000
0.000000
0.000000
0.000000
0.000000
0.000000
0.000000
0.000000
0.000000
0.000000
0.000000
0.000000
0.000000
0.000000
0.000000
0.000000
0.000000
0.000000
0.000000
0.000000
0.000000
0.000000
0.000000
0.000000
0.000000
0.000000
0.000000
0.000000
0.000000
0.000000
0.000000
0.000000
0.000000
0.000000
0.000000
0.000000
0.000000
0.000000
0.000000
0.000000
0.000000
0.000000
0.000000
0.000000
0.000000
0.000000
0.000000
0.000000
0.000000
0.000000
0.000000
0.000000
0.000000
0.000000
0.000000
0.000000
0.000000
0.000000
0.000000
0.000000
0.000000
0.000000
0.000000
0.000000
0.000000
0.000000
0.000000
0.000000
0.000000
0.000000
0.000000
0.000000
0.000000
0.000000
0.000000
0.000000
0.000000
0.000000
0.000000
0.000000
0.000000
0.000000
0.000000
0.000000
0.000000
0.000000
0.000000
0.000000
0.000000
0.000000
0.000000
0.000000
0.000000
0.000000
0.000000
0.000000
0.000000
0.000000
0.000000
0.000000
0.000000
0.000000
0.000000
0.000000
0.000000
0.000000
0.000000
0.000000
0.000000
0.000000
0.000000
0.000000
0.000000
0.000000
0.000000
0.000000
0.000000
0.000000
0.000000
0.000000
0.000000
0.000000
0.000000
0.000000
0.000000
0.000000
0.000000
0.000000
0.000000
0.000000
0.000000
0.000000
0.000000
0.000000
0.000000
0.000000
0.000000
0.000000
0.000000
0.000000
0.000000
0.000000
0.000000
0.000000
0.000000
0.000000
0.000000
0.000000
0.000000
0.000000
0.000000
0.000000
0.000000
0.000000
0.000000
0.000000
0.000000
0.000000
0.000000
0.000000
0.000000
0.000000
0.000000
0.000000
0.000000
0.000000
0.000000
4.345535
4.109433
2.992869
5.846822
4.783510
6.935937
7.830394
7.522596
9.521088
8.994520
9.051648
10.306985
10.143294
10.143294
10.790121
9.733421
9.856282
10.412524
9.504040
10.512729
9.981174
9.146581
10.242699
9.193723
9.083979
9.563822
9.249670
8.978368
9.182508
8.993378
8.879889
9.268003
8.667352
8.869876
9.075618
8.154542
8.563014
8.806659
8.806659
8.985121
8.421015
9.250624
8.972532
9.586082
8.975812
8.493398
9.174035
8.578867
8.884062
9.035669
8.325408
8.873428
9.048692
8.345896
8.401389
9.133935
7.819240
7.847050
9.029889
7.930019
8.597206
8.798732
8.341263
8.163102
8.758166
8.439852
8.130955
8.092522
8.167492
8.041650
8.383398
8.384069
8.386016
8.386016
8.386016
8.331319
8.331319
8.652739
8.197485
8.543123
8.136099
8.136099
8.136099
7.993820
8.274835
7.356045
7.544679
7.665480
7.872941
7.837897
7.961434
7.815057
7.715972
8.245755
7.203539
8.069912
8.200776
7.262656
7.475734
7.718727
7.914804
6.984740
7.727699
7.447592
7.900247
8.041866
7.432529
7.918723
7.596471
7.765020
7.388780
8.299458
7.121849
7.812477
7.965392
7.914333
7.842704
7.313759
8.041457
7.491857
7.491857
7.427427
7.642951
7.793717
7.775017
8.151124
8.062494
8.505303
8.625049
8.985335
8.212685
7.549863
8.596637
7.498513
8.493768
8.618847
7.845495
7.248672
8.066187
7.934103
7.815463
8.596879
8.392437
8.297392
8.435800
8.530279
8.081144
8.355429
8.341795
8.341795
8.636023
8.931281
8.518597
8.731851
8.732109
8.478252
8.714142
8.714142
8.508018
8.669809
8.478413
8.841362
8.377130
8.270972
8.270972
8.270972
8.464043
8.564996
8.974341
8.173509
8.573656
8.753873
8.355271
8.497589
8.291506
8.604778
8.100776
8.676807
8.333677
8.080111
