0.000000
0.000000
0.000000
0.000000
0.000000
0.000000
0.000000
0.000000
0.000000
0.000000
0.000000
0.000000
0.000000
0.000000
0.000000
0.000000
0.000000
0.000000
0.000000
0.000000
0.000000
0.000000
0.000000
0.000000
0.000000
0.000000
0.000000
0.000000
0.000000
0.000000
0.000000
0.000000
0.000000
0.000000
0.000000
0.000000
0.000000
0.000000
0.000000
0.000000
0.000000
0.000000
0.000000
0.000000
0.000000
0.000000
0.000000
0.000000
0.000000
0.000000
0.000000
0.000000
0.000000
0.000000
0.000000
0.000000
0.000000
0.000000
0.000000
0.000000
0.000000
0.000000
0.000000
0.000000
0.000000
0.000000
0.000000
0.000000
0.000000
0.000000
0.000000
0.000000
0.000000
0.000000
0.000000
0.000000
0.000000
0.000000
0.000000
0.000000
0.000000
0.000000
0.000000
0.000000
0.000000
0.000000
0.000000
0.000000
0.000000
0.000000
0.000000
0.000000
0.000000
0.000000
0.000000
0.000000
0.000000
0.000000
0.000000
0.000000
0.000000
0.000000
0.000000
0.000000
0.000000
0.000000
0.000000
0.000000
0.000000
0.000000
0.000000
0.000000
0.000000
0.000000
0.000000
0.000000
0.000000
0.000000
0.000000
0.000000
0.000000
0.000000
0.000000
0.000000
0.000000
0.000000
0.000000
0.000000
0.000000
0.000000
0.000000
0.000000
0.000000
0.000000
0.000000
0.000000
0.000000
0.000000
0.000000
0.000000
0.000000
0.000000
0.000000
0.000000
0.000000
0.000000
0.000000
0.000000
0.000000
0.000000
0.000000
0.000000
0.000000
0.000000
0.000000
0.000000
0.000000
0.000000
0.000000
0.000000
0.000000
0.000000
0.000000
0.000000
0.000000
0.000000
0.000000
0.000000
0.000000
0.000000
0.000000
0.000000
0.000000
0.000000
0.000000
0.000000
0.000000
0.000000
0.000000
0.000000
0.000000
0.000000
0.000000
0.000000
0.000000
0.000000
0.000000
0.000000
0.000000
0.000000
0.000000
0.000000
0.000000
0.000000
0.000000
0.000000
0.000000
-0.000000
-0.000000
-0.000000
-0.000000
-0.000000
-0.000000
-4.962482
-4.470858
-5.672390
-3.310858
-6.003414
-5.704596
-6.643880
-8.539200
-6.883665
-7.815082
-7.649623
-7.848421
-7.886803
-7.451302
-7.830176
-7.429216
-8.055249
-7.623626
-6.749126
-7.080458
-7.080458
-7.436701
-7.231774
-6.966383
-7.415180
-7.396447
-7.377623
-7.197697
-7.404309
-7.404309
-6.954555
-7.082993
-6.533192
-6.976847
-7.281868
-6.826141
-6.875301
-6.675619
-6.845699
-6.021466
-5.753402
-5.734474
-5.910416
-6.550478
-6.696202
-7.358235
-6.642531
-6.778908
-6.693051
-6.288057
-6.532049
-6.479084
-6.043427
-6.018394
-6.275077
-6.690401
-6.575309
-6.641592
-6.046275
-6.046275
-5.758379
-6.118595
-6.586522
-6.417629
-6.710279
-6.385939
-6.653780
-6.688711
-6.491355
-6.821385
-6.043883
-7.142902
-5.865913
-6.823191
-5.877906
-5.877906
-6.015397
-5.476639
-5.871861
-5.501870
-5.859794
-6.284395
-6.006657
-6.080182
-6.080182
-6.286308
-5.586357
-6.073693
-5.815733
-5.046152
-6.060815
-6.036100
-6.685021
-5.813486
-6.377463
-6.586528
-6.422689
-6.851781
-5.811765
-6.442957
-5.739794
-5.739794
-5.979810
-5.846181
-6.406355
-5.976256
-6.328973
-6.426908
-6.626754
-7.133714
-5.818312
-7.467903
-6.703133
-6.935504
-7.226302
-7.053599
-7.027198
-6.913184
-6.913184
-6.945997
-7.659119
-7.190464
-6.162625
-7.022594
-7.022594
-7.022594
-5.813385
-6.488083
-7.178883
-7.178883
-7.462217
-6.950118
-6.634468
-6.786646
-6.653652
-7.477449
-7.044933
-7.062920
-7.483004
-6.623627
-7.238452
-6.894233
-6.956734
-7.140653
-7.181442
-7.303153
-6.692570
-7.586653
-7.586653
-7.586653
-6.797985
-7.159098
-6.699145
-6.727982
-7.253767
-7.025822
-7.285009
-7.499729
