0.000000
0.000000
0.000000
3.617528
4.004933
3.417230
3.831644
2.943023
2.937775
3.199538
4.141712
4.610378
4.496989
4.181928
3.364455
4.510019
4.831949
5.103679
5.103679
7.596059
4.480583
4.653707
5.058540
5.047401
4.982481
4.649907
4.373445
4.811416
4.487484
5.022242
3.966087
3.966087
4.701820
4.884326
4.884326
4.521941
4.644594
5.644318
5.411911
5.700523
5.171507
4.604368
5.188782
4.565003
5.138794
5.155027
4.657874
3.571549
4.955036
4.190115
5.069916
7.040656
4.345262
4.079339
4.222352
6.984065
3.988345
4.245765
3.252755
4.975929
2.275717
4.091339
4.561386
3.773911
3.773911
5.895160
6.185691
3.272384
3.272384
5.161316
3.460787
5.042746
6.654081
7.131785
4.328715
7.274205
7.340438
7.340668
7.092229
7.092229
7.092229
7.092229
7.092229
7.092229
7.092229
7.092229
7.092229
7.092229
7.092229
7.092229
3.639119
1.750244
0.000000
4.702305
0.000000
0.000000
0.000000
0.000000
0.000000
0.000000
0.000000
1.755750
1.355284
1.018891
3.272007
3.272007
3.272007
3.272007
3.272007
4.293211
3.356192
0.900520
0.900520
0.900520
0.000000
1.985918
4.970924
0.000000
1.407032
4.186853
5.247769
5.085112
4.607211
5.029636
4.999726
4.512227
4.512227
3.450133
4.249972
4.986774
4.222953
4.159259
4.669191
4.226828
4.226828
4.290266
2.663162
3.074777
4.636719
5.953356
4.902339
4.945147
0.000000
2.115442
1.701079
1.752403
2.770919
1.575846
0.000000
4.419367
4.452740
0.000000
0.000000
0.000000
1.848862
3.160936
2.615597
3.898606
3.898606
3.898606
1.746760
2.931663
2.730383
3.174257
3.436381
2.252474
3.331015
3.406351
3.130156
3.466128
1.548550
0.000000
1.456598
1.986298
1.034846
1.269389
0.000000
0.000000
0.000000
0.000000
0.000000
0.000000
0.000000
0.000000
0.000000
0.000000
0.000000
0.000000
0.000000
0.000000
4.552975
4.552975
4.530063
5.496311
6.238123
5.515015
6.485185
8.172635
8.672536
8.672536
8.997969
8.685465
8.542984
8.542984
9.008816
9.665708
10.055693
10.116056
11.170594
11.593846
10.697417
11.730063
11.730063
11.632995
12.148376
11.552995
12.142166
12.673767
15.655319
12.957667
13.515351
13.291120
13.240685
13.762095
13.740038
13.955240
13.856969
13.815462
13.815462
14.231624
14.539993
14.154168
14.842723
14.212779
13.908272
14.730622
14.531741
14.531741
14.708812
15.028848
14.973604
14.889718
14.556100
14.890199
14.884838
14.884838
18.025480
15.213052
14.519948
15.171542
15.569935
14.898305
14.796056
14.699956
15.104196
15.075230
14.703837
14.157717
14.682047
14.573800
14.612719
14.507992
14.472414
14.600094
14.688032
14.867073
13.712341
14.734491
14.559503
14.819300
14.830200
15.021610
14.938261
15.377826
15.368994
14.922347
14.820012
15.446348
14.888271
15.143514
15.263191
15.263191
15.300770
15.347419
14.964806
14.867413
15.422159
14.692846
14.951958
14.978257
14.853978
14.919576
14.545036
14.909353
14.820693
15.152016
14.956383
15.176204
14.986951
14.915702
15.518787
15.390460
15.595287
15.274183
15.664429
15.222414
15.573573
15.585991
15.355990
15.798264
15.760072
15.391452
15.531209
15.144076
15.482384
15.556106
15.602065
15.659374
15.783867
15.475404
15.562952
15.795853
15.471970
15.474574
15.077212
15.360219
15.325023
15.189937
15.231632
15.299763
15.664563
15.921974
15.820706
16.037899
15.913202
15.913202
15.915734
15.835842
15.469288
15.574873
15.518714
15.310339
15.700230
15.583133
15.534881
15.341190
15.331902
15.338351
15.661500
14.879573
15.801493
15.619563
15.121580
15.156747
15.185725
14.971154
15.090349
15.150795
14.960045
15.006522
15.229439
15.551089
15.170239
15.524131
14.505080
15.035459
15.252120
15.226837
15.056036
15.552817
14.627086
14.849977
15.084820
14.808660
14.871134
15.383666
15.216199
15.329245
15.448199
14.868950
