0.000000
0.000000
0.000000
0.000000
0.000000
0.000000
0.000000
0.000000
0.000000
0.000000
0.000000
0.000000
0.000000
0.000000
0.000000
0.000000
0.000000
0.000000
0.000000
0.000000
0.000000
0.000000
0.000000
0.000000
0.000000
0.000000
0.000000
0.000000
0.000000
0.000000
0.000000
0.000000
0.000000
0.000000
0.000000
0.000000
0.000000
0.000000
0.000000
0.000000
0.000000
0.000000
0.000000
0.000000
0.000000
0.000000
0.000000
0.000000
0.000000
0.000000
0.000000
0.000000
0.000000
0.000000
0.000000
0.000000
0.000000
0.000000
0.000000
0.000000
0.000000
0.000000
0.000000
0.000000
0.000000
0.000000
0.000000
0.000000
0.000000
0.000000
0.000000
0.000000
0.000000
0.000000
0.000000
0.000000
0.000000
0.000000
0.000000
0.000000
0.000000
0.000000
0.000000
0.000000
0.000000
0.000000
0.000000
0.000000
0.000000
0.000000
0.000000
0.000000
0.000000
0.000000
0.000000
0.000000
0.000000
0.000000
0.000000
0.000000
0.000000
0.000000
0.000000
0.000000
0.000000
0.000000
0.000000
0.000000
0.000000
0.000000
0.000000
0.000000
0.000000
0.000000
0.000000
0.000000
0.000000
0.000000
0.000000
0.000000
0.000000
0.000000
0.675691
0.000000
0.000000
0.000000
0.000000
0.000000
0.000000
0.000000
0.000000
0.000000
0.000000
0.000000
0.000000
0.000000
0.000000
0.000000
0.000000
0.000000
0.000000
0.000000
0.000000
0.000000
0.000000
0.000000
0.000000
0.000000
0.000000
0.000000
0.000000
0.000000
0.000000
0.000000
0.000000
0.000000
0.000000
0.000000
0.000000
0.827494
0.000000
0.000000
0.000000
0.000000
0.000000
0.000000
0.000000
0.000000
0.000000
0.000000
0.000000
0.000000
0.000000
0.000000
0.000000
0.000000
0.000000
0.000000
0.000000
0.000000
0.000000
0.000000
0.000000
0.000000
0.000000
0.000000
0.000000
0.000000
0.000000
0.000000
0.000000
0.000000
0.000000
0.000000
0.000000
0.000000
0.000000
0.000000
0.000000
0.000000
0.000000
0.000000
0.000000
0.000000
-0.000000
-0.529158
-0.529158
-0.529158
-8.910292
-11.245963
-13.129013
-13.129013
-13.129013
-17.419601
-18.539359
-18.539359
-18.539359
-18.539359
-18.539359
-22.603411
-22.729733
-22.677756
-22.671134
-22.554725
-22.541412
-22.347225
-22.155904
-22.155904
-22.155904
-22.078845
-21.960014
-21.957023
-22.006280
-21.848288
-21.688216
-21.601345
-21.631626
-21.583949
-21.519404
-21.544129
-21.580549
-21.560655
-21.478987
-21.501669
-21.501669
-21.293272
-21.212612
-21.201466
-21.112380
-21.101277
-21.087703
-21.049205
-20.994913
-20.994913
-21.039177
-21.015213
-21.049367
-21.085417
-21.082917
-21.094503
-21.043059
-21.104316
-21.081643
-21.081643
-21.118285
-21.159857
-21.309933
-21.375701
-21.405042
-21.383021
-21.298229
-21.313955
-21.324645
-21.328769
-21.237203
-21.265708
-21.402890
-21.407331
-21.594648
-21.577146
-21.581476
-21.395290
-21.449246
-21.455434
-21.295154
-21.204876
-21.148165
-21.179980
-21.126487
-21.131923
-21.129220
-21.129220
-21.151642
-21.184894
-21.143641
-21.096754
-20.943056
-20.938849
-20.997660
-21.001410
-20.993240
-20.993240
-21.047877
-21.051814
-21.083584
-21.079656
-21.067151
-21.020242
-21.046490
-21.045968
-21.129601
-21.074990
-21.119650
-21.144867
-21.118119
-21.131664
-21.251942
-21.177474
-21.177474
-21.208988
-21.186899
-21.189976
-21.150850
-21.053625
-21.087738
-21.106444
-21.119441
-21.119441
-21.119441
-21.045996
-21.065378
-21.065378
-21.242080
-21.217420
-21.577142
-21.852632
-22.081722
-22.248582
-22.224764
-22.283796
-22.206181
-22.208889
-22.371942
-22.392255
-22.549412
-22.549412
-22.469454
-22.421755
-22.512290
-22.618149
-22.569121
-22.530881
-22.481188
-22.510166
-22.559231
-22.565543
-22.573770
-22.581325
-22.577150
-22.627654
-22.624824
-22.563607
-22.592300
-22.592300
-22.568497
-22.591924
-22.593156
-22.566139
-22.572315
-22.560328
-22.513727
-22.504214
-22.556193
-22.609765
-22.629085
-22.517624
-22.423480
-22.423480
-22.376872
-22.344465
-22.327811
-22.384379
