0.000000
0.115453
0.115453
2.024407
1.934994
1.378267
1.375677
0.987801
1.563129
1.843592
1.852183
1.352731
1.910827
1.395542
1.737919
2.279966
1.641421
1.880922
1.880922
2.763987
2.615487
2.780505
2.457289
2.685385
2.802554
2.872034
2.398627
2.331893
2.752823
1.437291
2.202111
2.202111
1.012866
2.028833
2.028833
1.888556
2.672463
2.809708
2.921852
3.004919
2.780110
2.969436
2.945077
2.949941
2.823008
3.817148
2.575754
2.233860
2.129713
1.872304
2.952067
3.451605
2.653756
2.101015
2.406159
2.592560
0.000000
0.000000
0.000000
2.977356
1.289259
0.000000
0.532353
1.276143
1.276143
0.000000
2.305759
0.886667
0.886667
1.506988
1.267522
0.000000
1.530818
0.988954
0.290517
1.923295
1.563528
0.900130
1.764298
1.764298
1.764298
1.764298
1.764298
1.764298
1.764298
1.764298
1.764298
1.764298
1.764298
1.764298
2.405794
0.274725
0.000000
1.797481
0.000000
0.000000
0.000000
0.000000
0.000000
0.000000
0.000000
0.000000
1.258489
0.000000
1.703442
1.703442
1.703442
1.703442
1.703442
1.583210
0.000000
0.000000
0.000000
0.000000
0.000000
0.000000
0.000000
0.000000
0.000000
0.000000
0.271569
0.441921
0.000000
1.340214
0.000000
2.156233
2.156233
0.416533
2.472972
2.552542
2.968402
2.776667
1.793115
0.453312
0.453312
1.173303
1.433959
1.400407
2.504637
2.202424
1.845085
2.348982
1.569245
1.947773
1.226599
0.595233
0.605894
1.533204
1.200544
2.264655
1.183077
0.552879
0.000000
0.000000
0.000000
1.543457
1.836273
0.401291
0.401291
0.401291
0.000000
0.000000
0.959890
1.570039
2.039901
2.032250
1.064258
0.000000
0.000000
0.243919
0.000000
0.000000
0.000000
0.000000
0.000000
0.426826
2.117826
2.288513
3.306346
4.103661
5.199617
6.503324
6.503324
6.503324
6.503324
6.503324
6.503324
6.503324
6.503324
6.503324
-14.893977
-14.893977
-16.525945
-17.511196
-18.314586
-19.033379
-19.526385
-20.431007
-21.068987
-21.068987
-22.663580
-23.401377
-24.205946
-24.205946
-25.533986
-26.275404
-26.844664
-27.552771
-28.151151
-28.718840
-29.158109
-29.702136
-29.702136
-30.674457
-31.195591
-31.740852
-32.145050
-32.693526
-33.280652
-33.726652
-34.229353
-34.709748
-35.196771
-35.585854
-35.998876
-36.403872
-36.644537
-36.952580
-36.952580
-37.509090
-37.625588
-37.771449
-37.912275
-37.988323
-38.009050
-38.140065
-38.144586
-38.144586
-38.172723
-38.201449
-38.191217
-38.228180
-38.293394
-38.273668
-38.304319
-38.304319
-38.344982
-38.474538
-38.556153
-38.616820
-38.465709
-38.408936
-38.309773
-38.312539
-38.424211
-38.403690
-38.371622
-38.286849
-38.285653
-38.190238
-38.163288
-38.347724
-38.405437
-38.344819
-38.329294
-38.336940
-38.320385
-38.294746
-38.286498
-38.360821
-38.433324
-38.446630
-38.521444
-38.528087
-38.487508
-38.578163
-38.630435
-38.627843
-38.628717
-38.671449
-38.659349
-38.659349
-38.744040
-38.650429
-38.565175
-38.581655
-38.570415
-38.591282
-38.609366
-38.553164
-38.472883
-38.508351
-38.491335
-38.527419
-38.539555
-38.537072
-38.576643
-38.534748
-38.503678
-38.551568
-38.584876
-38.583401
-38.590814
-38.621221
-38.594065
-38.592743
-38.536380
-38.547320
-38.569708
-38.545048
-38.523474
-38.452628
-38.492157
-38.345804
-38.349834
-38.350325
-38.333397
-38.316646
-38.308648
-38.332576
-38.446287
-38.442077
-38.448554
-38.539266
-38.617755
-38.654090
-38.569151
-38.568260
-38.732804
-38.881237
-39.068086
-39.128665
-39.114948
-39.120339
-39.103820
-39.103820
-39.087841
-39.099547
-39.090219
-39.052395
-39.000020
-39.004604
-39.164982
-39.147265
-38.998412
-38.977423
-39.002359
-38.952458
-38.951941
-38.911327
-38.935989
-38.911051
-38.835343
-38.749194
-38.809235
-38.863586
-38.848484
-38.704222
-38.752234
-38.794161
-38.832810
-38.848416
-38.807802
-38.678409
-38.631114
-38.611087
-38.683844
-38.823727
-38.810760
-38.757120
-38.700877
-38.660657
-38.697852
-38.659909
-38.658696
-38.587428
-38.556499
-38.544740
-38.537248
-38.545264
