0.000000
0.000000
0.000000
0.000000
0.000000
0.000000
0.000000
0.000000
0.000000
0.000000
0.000000
0.000000
0.000000
0.000000
0.000000
0.000000
0.000000
0.000000
0.000000
0.000000
0.000000
0.000000
0.000000
0.000000
0.000000
0.000000
0.000000
0.000000
0.000000
0.000000
0.000000
0.000000
0.000000
0.000000
0.000000
0.000000
0.000000
0.000000
0.000000
0.000000
0.000000
0.000000
0.000000
0.000000
0.000000
0.000000
0.000000
0.000000
0.000000
0.000000
0.000000
0.000000
0.000000
0.000000
0.000000
0.000000
0.000000
0.000000
0.000000
0.000000
0.000000
0.000000
0.000000
0.000000
0.000000
0.000000
0.000000
0.000000
0.000000
0.000000
0.000000
0.000000
0.000000
0.000000
0.000000
0.000000
0.000000
0.000000
0.000000
0.000000
0.000000
0.000000
0.000000
0.000000
0.000000
0.000000
0.000000
0.000000
0.000000
0.000000
0.000000
0.000000
0.000000
0.000000
0.000000
0.000000
0.000000
0.000000
0.000000
0.000000
0.000000
0.000000
0.000000
0.000000
0.000000
0.000000
0.000000
0.000000
0.000000
0.000000
0.000000
0.000000
0.000000
0.000000
0.000000
0.000000
0.000000
0.000000
0.000000
0.000000
0.000000
0.000000
0.000000
0.000000
0.000000
0.000000
0.000000
0.000000
0.000000
0.000000
0.000000
0.000000
0.000000
0.000000
0.000000
0.000000
0.000000
0.000000
0.000000
0.000000
0.000000
0.000000
0.000000
0.000000
0.000000
0.000000
0.000000
0.000000
0.000000
0.000000
0.000000
0.000000
0.000000
0.000000
0.000000
0.000000
0.000000
0.000000
0.000000
0.000000
0.000000
0.000000
0.000000
0.000000
0.000000
0.000000
0.000000
0.000000
0.000000
0.000000
0.000000
0.000000
0.000000
0.000000
0.000000
0.000000
0.000000
0.000000
0.000000
0.000000
0.000000
0.000000
0.000000
0.000000
0.000000
0.000000
-1.323112
-4.810094
-7.162477
-9.705816
-12.014180
-14.785170
-16.926523
-18.879242
-20.767218
-22.131191
-23.896911
-25.595756
-26.999506
-28.725097
-30.146042
-31.277511
-32.545694
-33.295691
-33.893527
-34.397214
-34.397214
-34.727839
-34.736828
-34.638241
-34.493476
-34.352484
-34.117892
-34.046023
-33.865706
-33.676060
-33.485588
-33.446642
-33.525159
-33.483279
-33.395634
-33.365198
-33.361357
-33.270026
-33.231717
-33.250387
-33.094633
-33.060659
-33.059115
-33.013882
-33.044995
-33.044995
-33.037431
-33.052913
-33.026031
-33.063870
-32.932382
-32.952785
-32.942393
-32.954861
-32.998018
-33.123481
-33.246843
-33.224762
-33.207715
-33.276484
-33.183612
-33.231134
-33.342530
-33.228857
-33.171136
-33.177132
-33.153118
-33.132230
-33.194189
-33.206197
-33.040195
-33.019450
-32.848274
-32.669668
-32.460616
-32.277608
-32.132289
-32.078771
-32.112372
-32.097159
-32.097159
-32.097159
-32.259379
-32.259379
-32.137045
-32.014248
-32.108743
-32.224638
-32.224638
-32.224638
-32.005918
-32.119188
-31.887044
-31.887174
-31.838251
-31.835160
-31.695316
-31.635407
-31.657335
-31.581901
-31.645642
-31.374230
-31.438813
-31.470593
-31.488521
-31.361172
-31.358998
-31.317485
-31.175248
-31.357115
-31.346289
-31.442305
-31.348749
-31.487694
-31.413646
-31.473791
-31.489259
-31.378712
-31.377828
-31.202997
-31.360764
-31.423389
-31.477881
-31.396576
-31.381878
-31.470848
-31.365693
-31.365693
-31.460114
-31.464288
-31.287436
-31.560563
-32.031848
-32.297134
-32.545668
-32.621751
-32.770352
-32.752323
-32.837073
-32.781880
-32.763086
-32.890894
-32.864295
-32.858995
-32.671946
-32.738916
-32.767118
-32.800352
-32.834591
-32.871092
-32.816750
-32.857291
-32.967874
-32.945928
-33.168369
-33.089713
-33.089713
-33.179309
-33.215495
-33.213908
-33.222010
-33.265071
-33.259756
-33.273990
-33.273990
-33.281200
-33.268427
-33.332632
-33.303260
-33.296055
-33.263233
-33.263233
-33.263233
-33.454979
-33.458663
-33.427883
-33.376302
-33.394567
-33.523761
-33.495619
-33.578930
-33.544914
-33.556940
-33.518582
-33.627466
-33.626564
-33.575334
