0.000000
0.000000
0.000000
0.000000
0.000000
0.000000
0.000000
0.000000
0.000000
0.000000
0.000000
0.000000
0.000000
0.000000
0.000000
0.000000
0.000000
0.000000
0.000000
0.000000
0.000000
0.000000
0.000000
0.000000
0.000000
0.000000
0.000000
0.000000
0.000000
0.000000
0.000000
0.000000
0.000000
0.000000
0.000000
0.000000
0.000000
0.000000
0.000000
0.000000
0.000000
0.000000
0.000000
0.000000
0.000000
0.000000
0.000000
0.000000
0.000000
0.000000
0.000000
0.000000
0.000000
0.000000
0.000000
0.000000
0.000000
0.000000
0.000000
0.000000
0.000000
0.000000
0.000000
0.000000
0.000000
0.000000
0.000000
0.000000
0.000000
0.000000
0.000000
0.000000
0.000000
0.000000
0.000000
0.000000
0.000000
0.000000
0.000000
0.000000
0.000000
0.000000
0.000000
0.000000
0.000000
0.000000
0.000000
0.000000
0.000000
0.000000
0.000000
0.000000
0.000000
0.000000
0.000000
0.000000
0.000000
0.000000
0.000000
0.000000
0.000000
0.000000
0.000000
0.000000
0.000000
0.000000
0.000000
0.000000
0.000000
0.000000
0.000000
0.000000
0.000000
0.000000
0.000000
0.000000
0.000000
0.000000
0.000000
0.000000
0.000000
0.000000
0.000000
0.000000
0.000000
0.000000
0.000000
0.000000
0.000000
0.000000
0.000000
0.000000
0.000000
0.000000
0.000000
0.000000
0.000000
0.000000
0.000000
0.000000
0.000000
0.000000
0.000000
0.000000
0.000000
0.000000
-0.000000
-0.000000
-2.153328
-0.000000
-2.009791
-0.918745
-2.095211
-2.258313
-2.869578
-1.740100
-2.248147
-2.517832
-2.827066
-2.340465
-2.767408
-2.426911
-2.686034
-2.067415
-2.546277
-2.192180
-2.100729
-2.167767
-2.393415
-2.276228
-2.101352
-2.490849
-2.637004
-2.353305
-2.023798
-2.001430
-1.288687
-1.815116
-2.493513
-2.129654
-2.400685
-2.141279
-1.357143
-1.168832
-1.585866
-1.443521
-1.907812
-1.981460
-2.437529
-2.567870
-2.074945
-2.609705
-2.508930
-2.589866
-3.090087
-4.314375
-5.927497
-5.927497
-10.628086
-13.236654
-16.936458
-20.792063
-24.786605
-28.356661
-32.013614
-35.389410
-38.233398
-40.567129
-42.198384
-43.427875
-44.289187
-44.289187
-44.289187
-44.289187
-44.289187
-44.289187
-44.289187
-44.289187
-44.289187
-44.289187
-46.520241
-46.348102
-46.247199
-46.247199
-45.911630
-45.809463
-45.697907
-45.697158
-45.794923
-45.888374
-45.986159
-46.058159
-46.035005
-45.957004
-46.147374
-46.190868
-46.171713
-46.168287
-46.219437
-46.194972
-46.207997
-46.138751
-46.130948
-46.068318
-46.081146
-46.080301
-46.015679
-45.976331
-46.024638
-46.036076
-46.044030
-46.061363
-46.060562
-46.020831
-46.030504
-46.043673
-45.985072
-45.985663
-45.928213
-45.928213
-45.991836
-46.027558
-46.090847
-46.094346
-46.153464
-46.174533
-46.111150
-46.031133
-45.911206
-45.730597
-45.543699
-45.435118
-45.462776
-45.525931
-45.525931
-45.525931
-45.525931
-45.269736
-45.219502
-45.143113
-45.067612
-45.004686
-44.955132
-44.955132
-44.841110
-44.840490
-44.721755
-44.614602
-44.614583
-44.525652
-44.321119
-44.321119
-44.233022
-44.021055
-43.998961
-43.924213
-43.924213
-43.924213
-43.922922
-43.922922
-43.939709
-43.847712
-43.817475
-43.813279
-43.765122
-43.718098
-43.747763
-43.719600
-43.680229
-43.676165
-43.676165
-43.500944
-43.537931
-43.537931
-43.623793
-43.569132
-43.647337
-43.542844
-43.542844
-43.542844
-43.594719
-43.594719
-43.594719
-43.435797
-43.424027
-43.431967
-43.464849
-43.345883
-43.219028
-43.185799
-43.253035
-43.262295
-43.376612
-43.362994
-43.328186
-43.282028
-43.282028
-43.280138
-43.275734
-43.294678
-43.333189
-43.337362
-43.414665
-43.719707
-43.719707
-44.246403
-44.539729
-44.666388
-44.666388
-45.090712
-45.216752
-45.300465
-45.310324
-45.384611
-45.439515
-45.381497
-45.380114
-45.380114
-45.380114
-45.380114
-45.397762
-45.397762
-45.442343
-45.422864
-45.405803
-45.405803
-45.434202
-45.374851
-45.384382
-45.268743
-45.268743
-45.268743
-45.225518
-45.069854
-44.958472
-45.011310
-45.079376
-45.079376
-45.093501
-45.129415
-45.124357
-45.124357
