0.000000
0.000000
0.000000
0.000000
0.000000
0.000000
0.000000
0.000000
0.000000
0.000000
0.000000
0.000000
0.000000
0.000000
0.000000
0.000000
0.000000
0.000000
0.000000
0.000000
0.000000
0.000000
0.000000
0.000000
0.000000
0.000000
0.000000
0.000000
0.000000
0.000000
0.000000
0.000000
0.000000
0.000000
0.000000
0.000000
0.000000
0.000000
0.000000
0.000000
0.000000
0.000000
0.000000
0.000000
0.000000
0.000000
0.000000
0.000000
0.000000
0.000000
0.000000
0.000000
0.000000
0.000000
0.000000
0.000000
0.000000
0.000000
0.000000
0.000000
0.000000
0.000000
0.000000
0.000000
0.000000
0.000000
0.000000
0.000000
0.000000
0.000000
0.000000
0.000000
0.000000
0.000000
0.000000
0.000000
0.000000
0.000000
0.000000
0.000000
0.000000
0.000000
0.000000
0.000000
0.000000
0.000000
0.000000
0.000000
0.000000
0.000000
0.000000
0.000000
0.000000
0.000000
0.000000
0.000000
0.000000
0.000000
0.000000
0.000000
0.000000
0.000000
0.000000
0.000000
0.000000
0.000000
0.000000
0.000000
0.000000
0.000000
0.000000
0.000000
0.000000
0.000000
0.000000
0.000000
0.000000
0.000000
0.000000
0.000000
0.000000
0.000000
0.000000
0.000000
0.000000
0.000000
0.000000
0.000000
0.000000
0.000000
0.000000
0.000000
0.000000
0.000000
0.000000
0.000000
0.000000
0.000000
0.000000
0.000000
0.000000
0.000000
0.000000
0.000000
0.000000
0.000000
0.000000
0.000000
0.000000
0.000000
0.000000
0.000000
0.000000
0.000000
0.000000
0.000000
0.000000
0.000000
0.000000
0.000000
0.000000
0.000000
0.000000
0.000000
0.000000
0.000000
0.000000
0.000000
0.000000
0.000000
0.000000
0.000000
0.000000
0.000000
0.000000
0.000000
0.000000
0.000000
0.000000
0.000000
0.000000
0.000000
0.000000
0.000000
0.000000
0.000000
0.000000
0.000000
0.000000
0.000000
0.000000
0.000000
0.403489
2.492409
-4.505967
-6.641920
-7.546565
-9.718776
-11.002062
-12.086540
-13.347567
-14.192338
-14.948248
-15.339941
-16.047349
-16.598397
-17.158630
-17.459653
-18.217027
-18.565979
-19.265842
-19.613827
-20.319671
-20.789999
-21.284009
-21.756481
-22.247496
-22.348169
-22.457741
-22.762938
-22.844702
-23.009157
-23.015742
-23.155409
-23.250609
-23.327093
-23.270727
-23.300809
-23.345394
-23.512114
-23.463368
-23.578671
-23.589862
-23.580684
-23.577421
-23.558251
-23.597403
-23.466289
-23.509149
-23.444561
-23.467039
-23.511456
-23.552614
-23.510110
-23.524452
-23.578742
-23.561236
-23.610695
-23.596334
-23.595089
-23.596334
-23.596334
-23.596334
-23.600065
-23.596334
-23.580684
-23.579230
-23.629910
-23.603951
-23.578679
-23.508839
-23.560334
-23.560334
-23.521895
-23.495017
-23.429739
-23.431512
-23.435220
-23.412722
-23.437334
-23.427376
-23.433913
-23.463039
-23.508175
-23.530826
-23.498469
-23.482046
-23.563954
-23.602858
-23.560346
-23.593571
-23.723798
-23.749879
-23.719209
-23.781022
-23.762820
-23.754999
-23.713211
-23.745999
-23.731832
-23.712586
-23.720463
-23.688564
-23.650098
-23.561839
-23.577645
-23.512947
-23.756318
-23.701184
-23.717426
-23.696725
-23.735726
-23.716091
-23.635366
-23.657973
-23.634706
-23.583391
-23.580583
-23.559236
-23.542311
-23.557586
-23.647429
-23.646537
-23.518939
-23.603580
-23.539189
-23.544271
-23.544271
-23.599982
-23.636925
-23.679891
-23.779964
-23.909154
-23.869608
-24.077020
-23.995175
-23.984827
-24.115033
-24.225909
-24.344844
-24.293111
-24.432681
-24.449746
-24.499771
-24.528298
-24.536088
-24.536088
-24.530423
-24.525682
-24.368823
-24.384912
-24.374056
-24.256619
-24.270422
-24.277458
-24.304262
-24.122728
-24.112360
-24.145489
-24.095354
-24.079794
-24.120845
-24.015472
-23.985282
-23.985282
-23.985282
-23.976889
-23.985282
-24.018349
-24.104609
-24.073292
-24.071881
-24.007086
-23.965140
