0.000000
0.000000
0.000000
0.000000
0.000000
0.000000
0.256432
0.000000
0.000000
0.000000
0.000000
0.000000
0.000000
0.000000
0.000000
0.000000
0.169944
0.000000
2.053119
2.044868
2.044868
2.044868
0.000000
0.000000
0.000000
0.000000
0.000000
0.000000
0.000000
0.000000
0.000000
0.000000
0.000000
0.000000
0.000000
0.000000
0.000000
0.000000
0.000000
0.000000
0.000000
0.000000
0.000000
0.000000
0.000000
0.000000
0.000000
0.000000
0.000000
0.000000
0.000000
0.000000
0.000000
0.000000
0.000000
0.000000
0.000000
0.000000
0.000000
0.000000
0.000000
0.000000
0.000000
0.000000
0.000000
0.000000
0.000000
0.000000
0.000000
0.000000
0.000000
0.000000
0.000000
0.000000
0.000000
0.000000
0.000000
0.000000
0.000000
0.000000
0.000000
0.000000
0.000000
0.000000
0.000000
0.000000
0.000000
0.000000
0.000000
0.000000
0.000000
0.000000
0.000000
0.000000
0.000000
0.000000
0.000000
0.000000
0.000000
0.000000
0.000000
0.000000
0.000000
0.000000
0.000000
0.000000
0.000000
0.000000
0.000000
0.000000
0.000000
0.000000
0.000000
0.000000
0.000000
0.000000
0.000000
0.000000
0.000000
0.000000
0.000000
0.000000
0.000000
0.000000
0.000000
0.000000
0.000000
0.000000
0.000000
0.000000
0.000000
0.000000
0.000000
0.863473
0.000000
0.000000
0.363556
0.363556
0.000000
2.284336
1.991568
1.936906
1.256106
1.256106
0.000000
1.704936
1.549085
0.000000
1.058501
1.058501
1.424419
2.056601
2.999794
2.029170
1.697284
1.697284
1.409583
1.009576
2.780644
2.817627
2.134935
2.134935
3.057484
3.575431
3.049913
2.944178
2.955894
3.208812
3.208812
3.726560
3.768792
3.681188
3.952380
3.957889
3.957889
3.955692
3.762994
3.909750
3.714771
3.763316
3.763316
3.510122
3.999486
3.616028
3.204467
2.525162
2.525162
2.739464
2.812509
3.581417
3.664421
2.712837
2.712837
4.714854
-5.144836
-7.512742
-9.780754
-13.921701
-13.921701
-15.613033
-17.899506
-18.982664
-20.781143
-22.925000
-22.925000
-23.469514
-24.535312
-24.639566
-24.844401
-24.953555
-24.953555
-24.803894
-24.633948
-24.502183
-24.173566
-23.792103
-23.792103
-23.677940
-23.450191
-23.326525
-23.269572
-23.088249
-23.088249
-23.021251
-22.933258
-23.068572
-22.847425
-22.780063
-22.780063
-22.649504
-22.570854
-22.533808
-22.400926
-22.727735
-22.727735
-22.670645
-22.631763
-22.592161
-22.624918
-22.838752
-22.838752
-22.662002
-22.658719
-22.450778
-22.627655
-22.255738
-22.255738
-22.250609
-21.821346
-21.909895
-21.853988
-21.640405
-21.845054
-21.845054
-21.888945
-21.869012
-22.012080
-22.038062
-21.845782
-21.845782
-21.892496
-21.929850
-21.834594
-21.697476
-21.493039
-21.493039
-21.515607
-21.338524
-21.467924
-21.442118
-21.402261
-21.402261
-21.373650
-21.422584
-21.338054
-21.138436
-21.070593
-21.070593
-21.246388
-21.193009
-21.177120
-21.241049
-20.997812
-20.997812
-21.036902
-20.887273
-21.002782
-21.016649
-21.105428
-21.105428
-21.154651
-21.161211
-21.091387
-21.080172
-21.120668
-21.120668
-21.247193
-21.178404
-21.231154
-21.307417
-21.170405
-21.170405
-21.145799
-21.027229
-20.962822
-21.604486
-22.778967
-22.778967
-23.517708
-24.443602
-25.048934
-25.710193
-25.896014
-25.896014
-25.872801
-25.743013
-25.730982
-25.339709
-24.931610
-24.931610
-24.981350
-24.592890
-24.660615
-24.457032
-24.327824
-24.327824
-24.342385
-24.248409
-24.172328
-24.125062
-24.143451
-24.115724
-24.115724
-24.106394
-23.970377
-24.044463
-24.049837
-24.056955
-24.056955
-24.118488
-24.021731
-23.991256
-24.151456
-24.104217
-24.104217
-24.155938
-24.030647
-23.882138
-23.744133
-23.719072
-23.719072
-23.683157
-23.646895
-23.615741
-23.570258
-23.479253
-23.479253
-23.465424
-23.508670
-23.512790
-23.453822
-23.516756
-23.516756
-23.520654
-23.494114
