0.000000
0.000000
0.000000
0.000000
0.000000
0.000000
0.000000
0.000000
0.000000
0.000000
0.000000
0.000000
0.000000
0.000000
0.000000
0.000000
0.000000
0.873006
0.000000
0.000000
0.000000
0.000000
0.000000
0.000000
0.869885
1.061739
0.000000
0.000000
0.479697
0.981662
1.207457
0.000000
0.000000
0.000000
0.000000
0.000000
0.000000
0.000000
0.685908
0.854284
0.000000
0.000000
0.000000
0.000000
0.556964
0.000000
0.964489
1.312658
1.586416
2.008012
1.460376
1.242694
1.300350
0.648410
1.479716
1.241220
1.093615
1.093615
1.093615
1.093615
1.093615
1.093615
0.000000
0.000000
0.000000
0.000000
1.023125
0.771439
0.421171
0.421171
0.606721
0.936827
0.693283
0.791668
0.000000
0.000000
0.000000
0.000000
0.000000
0.606772
0.000000
0.000000
0.786769
0.581277
0.805480
1.056493
0.724638
0.724638
0.886312
1.026783
1.230705
0.681610
0.410769
0.410769
1.556581
1.596316
1.873898
1.539279
1.334448
1.334448
1.460747
0.645055
1.956267
0.000000
0.420391
0.420391
0.909083
0.392135
0.000000
0.960311
0.483534
0.483534
1.003237
0.999069
0.435057
1.532857
2.208057
2.208057
1.025593
0.777834
1.801813
1.584767
1.254629
1.254629
1.156147
0.866533
0.000000
1.413310
0.874555
0.874555
1.322541
1.596955
2.443619
1.480858
0.809070
1.124092
1.124092
1.031741
1.187585
0.000000
0.607939
0.293413
0.293413
0.000000
1.115322
0.791119
0.914826
0.923590
0.923590
1.030846
0.592499
0.933485
0.869534
1.293333
1.293333
0.908958
0.913860
0.868916
0.959507
0.000000
0.000000
0.000000
0.000000
0.000000
0.000000
0.000000
0.000000
0.000000
0.000000
0.000000
0.000000
0.422928
0.422928
0.951998
0.000000
0.000000
0.887634
1.230431
1.230431
2.164621
-3.327291
-4.481613
-6.206719
-8.279328
-8.279328
-9.460743
-10.849452
-12.129591
-13.350927
-14.893077
-14.893077
-15.636772
-16.399125
-16.885895
-17.360349
-17.937607
-17.937607
-18.240460
-18.359086
-18.768724
-18.878972
-19.157797
-19.157797
-19.144289
-18.971081
-19.017684
-19.124611
-19.005009
-19.005009
-18.926359
-18.771013
-18.722714
-18.661469
-18.725282
-18.655211
-18.655211
-18.533696
-18.196907
-18.135879
-18.143185
-18.076909
-18.076909
-18.015764
-18.033134
-17.993403
-17.995368
-17.883273
-17.883273
-17.610760
-17.648906
-17.698984
-17.867587
-17.854545
-17.854545
-17.855379
-17.636729
-17.642591
-17.645492
-17.542137
-17.542137
-17.549256
-17.528530
-17.413976
-17.172023
-17.132218
-17.132218
-17.293884
-17.371478
-17.357252
-16.961571
-16.921398
-16.921398
-17.035893
-16.949085
-16.937710
-16.787157
-16.929330
-16.929330
-16.762323
-16.589423
-16.450638
-16.382096
-16.400269
-16.400269
-16.405987
-16.416274
-16.414420
-16.366137
-16.450446
-16.450446
-16.398242
-16.499687
-16.508798
-16.712516
-16.699474
-16.699474
-16.521826
-16.412662
-16.378840
-16.476201
-16.438323
-16.438323
-16.612076
-16.641091
-16.383198
-16.391378
-16.335814
-16.335814
-16.313379
-16.310342
-16.293229
-16.256948
-16.359461
-16.359311
-16.359311
-16.382990
-16.404884
-16.376278
-16.375377
-16.422489
-16.422489
-16.356840
-16.458836
-16.574744
-16.606834
-16.716427
-16.716427
-16.844079
-16.963724
-17.044767
-16.983246
-16.886773
-16.886773
-16.976067
-17.201980
-17.431124
-17.403533
-17.191366
-17.191366
-17.101069
-17.069081
-17.105852
-17.154011
-17.122702
-17.122702
-17.142607
-17.110931
-17.424976
-17.491509
-17.472998
-17.472998
-17.414208
-17.485586
-17.365747
-17.419376
-17.341909
-17.341909
-17.396641
-17.277038
-17.131968
-17.128368
-17.170612
-17.170612
-17.179673
-17.269152
-17.470228
-17.550427
-17.638180
-17.638180
