0.000000
0.975296
0.000000
0.000000
0.000000
1.532179
0.000000
0.000000
0.000000
0.000000
0.000000
0.000000
0.000000
0.000000
0.000000
0.000000
0.000000
0.000000
0.000000
0.000000
0.000000
0.000000
0.000000
0.000000
0.000000
0.000000
0.000000
0.000000
0.000000
0.000000
0.000000
0.000000
0.000000
0.000000
0.000000
0.000000
0.000000
0.000000
0.000000
0.000000
0.000000
0.000000
0.000000
0.000000
0.000000
0.000000
0.000000
0.000000
0.000000
0.000000
0.000000
0.000000
0.000000
0.000000
0.000000
0.000000
0.000000
0.000000
0.000000
0.000000
0.000000
0.000000
0.000000
0.000000
0.000000
0.000000
0.000000
0.000000
0.000000
0.000000
0.000000
0.000000
0.000000
0.000000
0.000000
0.000000
0.000000
0.000000
0.000000
0.000000
0.000000
0.000000
0.000000
0.000000
0.000000
0.000000
0.000000
0.000000
0.000000
0.000000
0.000000
0.000000
0.000000
0.000000
0.000000
0.000000
0.000000
0.000000
0.000000
0.000000
0.000000
0.000000
0.000000
0.000000
0.000000
0.000000
0.000000
0.000000
0.000000
0.000000
0.000000
0.000000
0.000000
0.000000
0.000000
0.000000
0.000000
0.000000
0.000000
0.000000
0.000000
0.000000
0.000000
0.000000
0.000000
0.000000
0.000000
0.000000
0.000000
0.000000
0.000000
0.000000
0.000000
0.000000
0.000000
0.000000
0.000000
0.000000
0.000000
0.000000
0.000000
0.000000
0.000000
0.000000
0.000000
0.000000
0.000000
0.000000
0.000000
0.000000
0.000000
0.000000
0.000000
0.000000
0.000000
0.000000
0.000000
0.000000
0.000000
0.000000
0.000000
0.000000
0.000000
0.000000
0.000000
0.000000
0.000000
0.000000
0.000000
0.000000
0.000000
0.000000
0.000000
0.000000
0.000000
0.000000
0.000000
0.000000
0.000000
0.000000
0.000000
0.000000
0.000000
0.000000
0.000000
0.000000
0.000000
0.000000
0.000000
0.000000
0.000000
0.000000
0.000000
0.000000
0.000000
0.000000
0.000000
0.000000
0.000000
0.000000
0.000000
0.000000
0.000000
0.000000
0.000000
0.000000
0.000000
0.000000
0.000000
0.000000
0.000000
0.000000
0.000000
0.000000
0.000000
0.000000
0.000000
0.000000
0.000000
0.000000
0.000000
0.000000
0.000000
0.000000
0.000000
0.000000
0.000000
0.000000
0.000000
0.000000
0.000000
0.000000
0.000000
0.000000
0.000000
0.000000
0.000000
0.000000
0.000000
0.000000
0.000000
0.000000
0.000000
0.000000
0.000000
0.000000
0.000000
0.000000
0.000000
0.000000
0.000000
-0.000000
-0.000000
-0.000000
-0.000000
-0.000000
-0.000000
-0.000000
-0.000000
-0.000000
-0.000000
-0.000000
-0.000000
-0.000000
-14.174438
-14.533002
-14.533002
-20.615057
-20.615057
-22.027130
-23.445598
-24.482774
-24.482774
-24.482774
-24.482774
-24.482774
-24.482774
-24.482774
-24.482774
-24.482774
-24.482774
-24.482774
-24.482774
-24.482774
-31.673615
-32.102319
-32.102319
-32.102319
-32.102319
-32.102319
-32.102319
-32.102319
-32.102319
-32.102319
-32.102319
-32.102319
-32.102319
-32.102319
-32.102319
-32.102319
-32.102319
-32.102319
-32.102319
-32.102319
-32.102319
-32.102319
-33.477089
-33.477089
-33.477089
-33.477089
-33.477089
-33.477089
-33.477089
-33.477089
-33.477089
-33.477089
-33.477089
-33.477089
-33.477089
-33.767775
-33.767775
-33.767775
-33.767775
-33.767775
-33.767775
-33.767775
-33.767775
-33.767775
-33.767775
-33.767775
-33.767775
-33.859953
-33.936602
-33.936602
-33.936602
-33.936602
-33.936602
-33.936602
-33.936602
-33.936602
-33.936602
-33.936602
-33.936602
-33.936602
-33.936602
-33.936602
-33.936602
-33.936602
-33.936602
-33.484210
-33.484210
-33.484210
-33.484210
-33.484210
-33.484210
-33.484210
-33.484210
-33.638481
-33.638481
-33.638481
-33.638481
-33.638481
-33.638481
-33.638481
-33.638481
-33.638481
-33.638481
-33.638481
-33.638481
-33.638481
-33.254742
-33.254742
-33.254742
-33.254742
-33.254742
-33.254742
-33.254742
-33.254742
-33.254742
-33.982577
-33.982577
-33.982577
-33.982577
-33.982577
-33.982577
-35.513701
-35.243690
-35.243690
-35.243690
-35.243690
-35.243690
-35.243690
-35.243690
-35.243690
-35.243690
-35.243690
-35.243690
-35.243690
-35.243690
-35.243690
-35.243690
-35.243690
-35.243690
-34.442367
-34.442367
-34.442367
-34.442367
-34.442367
-34.442367
-34.442367
-34.442367
-34.442367
-34.442367
-34.442367
-34.442367
-34.442367
-34.442367
-34.442367
-34.442367
-34.442367
-34.442367
-34.442367
-34.442367
-34.442367
-34.442367
-34.442367
-34.442367
-34.442367
-34.336830
-34.350188
