0.000000
0.000000
0.000000
0.000000
0.000000
0.000000
0.000000
0.000000
0.000000
0.000000
0.000000
0.000000
0.000000
0.000000
0.000000
0.000000
0.000000
0.000000
0.000000
0.000000
0.000000
0.000000
0.000000
0.000000
0.000000
0.000000
0.000000
0.000000
0.000000
0.000000
0.000000
0.000000
0.000000
0.000000
0.000000
0.000000
0.000000
0.000000
0.000000
0.000000
0.000000
0.000000
0.000000
0.000000
0.000000
0.000000
0.000000
0.000000
0.000000
0.000000
0.000000
0.000000
0.000000
0.000000
0.000000
0.000000
0.000000
0.000000
0.000000
0.000000
0.000000
0.000000
0.000000
0.000000
0.000000
0.000000
0.000000
0.000000
0.000000
0.000000
0.000000
0.332275
0.332275
0.332275
0.697058
0.697058
0.697058
0.000000
0.000000
0.842155
0.842155
0.842155
0.842155
0.000000
0.000000
0.000000
0.918250
0.918250
0.918250
1.730968
1.730968
1.730968
1.730968
1.730968
1.134347
1.134347
0.475679
0.475679
0.475679
1.219917
1.219917
1.219917
0.760585
0.760585
0.760585
0.760585
0.682146
0.682146
0.682146
0.710742
0.710742
0.710742
0.916296
0.916296
0.916296
0.732769
0.732769
0.732769
0.732769
0.808511
0.808511
0.475994
0.475994
0.475994
0.000000
0.000000
0.000000
0.000000
0.000000
0.000000
0.000000
0.000000
0.000000
0.000000
0.000000
0.742290
0.742290
0.742290
0.000000
0.000000
0.000000
0.000000
0.563268
0.563268
0.562244
0.562244
0.000000
0.000000
0.000000
0.966466
0.966466
1.185197
1.185197
1.185197
1.185197
0.000000
0.000000
0.000000
0.000000
0.000000
0.000000
0.000000
0.869998
0.869998
0.869998
0.869998
0.204016
0.204016
0.204016
0.204016
0.000000
0.000000
0.000000
0.000000
0.000000
0.000000
0.000000
0.000000
0.000000
0.000000
0.000000
0.000000
-0.000000
-0.000000
-0.000000
-3.695376
-3.695376
-3.695376
-3.695376
-11.601664
-12.161330
-14.898629
-14.898629
-14.898629
-18.359046
-18.359046
-20.099710
-20.099710
-20.099710
-20.099710
-22.738388
-22.738388
-22.738388
-22.154089
-22.154089
-21.807116
-21.807116
-21.807116
-21.742266
-21.742266
-21.742266
-21.746140
-21.832647
-21.832647
-21.832647
-21.907055
-21.907055
-21.907055
-21.907055
-21.844350
-21.844350
-21.844350
-21.854084
-21.854084
-21.854084
-21.951932
-21.951932
-21.951932
-21.951932
-21.911495
-21.911495
-21.911495
-21.839319
-21.839319
-21.839319
-21.832910
-21.832910
-21.832910
-21.832910
-21.747459
-21.747459
-21.706401
-21.706401
-21.571114
-21.571114
-21.592607
-21.592607
-21.479470
-21.479470
-21.479470
-21.696097
-21.696097
-21.725456
-21.725456
-21.725456
-21.725456
-21.725456
-22.033743
-22.033743
-22.033743
-22.279926
-22.279926
-22.300488
-22.300488
-22.300488
-22.300488
-22.300488
-22.300488
-22.300488
-22.300488
-22.300488
-22.300488
-22.300488
-22.300488
-22.300488
-22.300488
-22.476284
-22.492187
-22.465472
-22.492273
-22.477526
-22.471265
-22.561404
-22.561404
-22.420383
-22.420383
-22.420383
-22.399975
-22.399975
-22.399975
-22.399975
-22.472447
-22.472447
-22.472447
-22.497863
-22.497863
-22.497863
-22.497863
-22.462327
-22.462327
-22.462327
-22.421017
-22.421017
-22.421017
-22.281084
-22.281084
-22.281084
-21.962597
-21.962597
-21.962597
-22.084321
-22.084321
-22.084321
-22.084321
-22.094269
-22.094269
-22.028731
-22.028731
-22.028731
-22.028731
-22.018491
-22.018491
-22.018491
-22.063082
-22.063082
-22.063082
-21.894569
-21.894569
-21.894569
-21.887558
-21.887558
-21.887558
-21.855002
-21.855002
-21.793612
-21.793612
-21.775868
-21.775868
-21.775868
-21.827407
-21.827407
-21.827407
-21.827407
-21.827407
-21.819327
-21.819327
-21.819327
-21.850385
-21.850385
