0.000000
0.000000
0.000000
0.000000
0.000000
0.000000
0.000000
0.000000
0.000000
0.000000
0.000000
0.000000
0.000000
0.000000
0.000000
0.000000
0.000000
0.000000
0.000000
0.000000
0.000000
0.000000
0.000000
0.000000
0.000000
0.000000
0.000000
0.000000
0.000000
0.000000
0.000000
0.000000
0.000000
0.000000
0.000000
0.000000
0.000000
0.000000
0.000000
0.000000
0.000000
0.000000
0.000000
0.000000
0.000000
0.000000
0.000000
0.000000
0.000000
0.000000
0.000000
0.000000
0.000000
0.000000
0.000000
0.000000
0.000000
0.000000
0.000000
0.000000
0.000000
0.000000
0.000000
0.000000
0.000000
0.000000
0.000000
0.000000
0.000000
0.000000
0.000000
0.000000
0.000000
0.000000
0.000000
0.000000
0.000000
0.000000
0.000000
0.000000
0.000000
0.000000
0.000000
0.000000
0.000000
0.000000
0.000000
0.000000
0.000000
0.000000
0.000000
0.000000
0.000000
0.000000
0.000000
0.000000
0.000000
0.000000
0.000000
0.000000
0.000000
0.000000
0.000000
0.000000
0.000000
0.000000
0.000000
0.000000
0.000000
0.000000
0.000000
0.000000
0.000000
0.000000
0.000000
0.000000
0.000000
0.000000
0.000000
0.000000
0.000000
0.000000
0.000000
0.000000
0.000000
0.000000
0.000000
0.000000
0.000000
0.000000
0.000000
0.000000
0.000000
0.000000
0.000000
0.000000
0.000000
0.000000
0.000000
0.000000
0.000000
0.000000
0.000000
0.000000
0.000000
0.000000
0.000000
0.000000
0.000000
0.000000
0.000000
0.000000
0.000000
0.000000
0.000000
0.000000
0.000000
0.000000
0.000000
0.000000
0.000000
0.000000
0.000000
0.000000
0.000000
0.000000
0.000000
0.000000
0.000000
0.000000
0.000000
0.000000
0.000000
0.000000
0.000000
0.000000
0.000000
0.000000
0.000000
0.000000
0.000000
0.000000
0.000000
0.000000
0.000000
0.000000
0.000000
0.000000
0.000000
0.000000
0.000000
0.000000
0.000000
0.000000
-0.000000
-0.000000
-4.316593
-8.121976
-11.096540
-13.389877
-15.881916
-17.673329
-19.958978
-21.646550
-23.157192
-24.234722
-25.182488
-26.000327
-26.750271
-27.459511
-27.904504
-28.169240
-28.214406
-28.125724
-28.100786
-28.122291
-28.091896
-28.089017
-27.965275
-28.009960
-27.965508
-27.900063
-27.890976
-27.890976
-27.820257
-27.757018
-27.768420
-27.786652
-27.809488
-27.774703
-27.770354
-27.738389
-27.738389
-27.746885
-27.747013
-27.705826
-27.759852
-27.653522
-27.577139
-27.566742
-27.579698
-27.677728
-27.739942
-27.778757
-27.823482
-27.785875
-27.808090
-27.882369
-27.922450
-27.903703
-27.868567
-27.812593
-27.609492
-27.599244
-27.570041
-27.477787
-27.438175
-27.437542
-27.319836
-27.177708
-27.173075
-27.141262
-27.141262
-26.934185
-27.058988
-26.949450
-26.838202
-26.763719
-26.761486
-26.755207
-26.767671
-26.748460
-26.752494
-26.746653
-26.803180
-26.775620
-26.809875
-26.729795
-26.729795
-26.761140
-26.720267
-26.777087
-26.787307
-26.831221
-26.714853
-26.681479
-26.645096
-26.645096
-26.577390
-26.462259
-26.532985
-26.492670
-26.471950
-26.412319
-26.406585
-26.439104
-26.373362
-26.381007
-26.379947
-26.330887
-26.350525
-26.358959
-26.389218
-26.362552
-26.362552
-26.563734
-26.531377
-26.625441
-26.716142
-26.896651
-27.174948
-27.462710
-27.687109
-27.830936
-27.995873
-28.068705
-28.112386
-28.168142
-28.241489
-28.258696
-28.253242
-28.253242
-28.189747
-28.176424
-28.348348
-28.399887
-28.596217
-28.596217
-28.596217
-28.606729
-28.564911
-28.609823
-28.609823
-28.617542
-28.607244
-28.591541
-28.616299
-28.595436
-28.662218
-28.624761
-28.581028
-28.487341
-28.452717
-28.448835
-28.440178
-28.413534
-28.447206
-28.614238
-28.610044
-28.610254
-28.609434
-28.609434
-28.609434
-28.606588
-28.601645
-28.628046
-28.640814
-28.689842
-28.728741
-28.729692
-28.721563
