0.000000
0.000000
0.000000
0.000000
0.000000
0.000000
0.000000
0.000000
0.000000
0.000000
0.000000
0.000000
0.000000
0.000000
0.000000
0.000000
0.000000
0.000000
0.000000
0.000000
0.000000
0.000000
0.000000
0.000000
0.000000
0.000000
0.000000
0.000000
0.000000
0.000000
0.000000
0.000000
0.873319
0.873319
1.831515
1.831515
2.230083
2.230083
2.230083
2.230083
4.062449
4.062449
4.062449
4.062449
6.939629
6.453572
6.453572
6.453572
8.297137
7.769352
7.769352
7.769352
6.427759
6.427759
6.427759
6.717752
6.717752
6.717752
6.717752
6.717752
6.717752
6.717752
6.717752
6.717752
6.717752
6.717752
6.717752
6.717752
6.717752
6.717752
10.254772
10.574294
10.891355
11.449520
10.805340
12.137804
12.377467
11.613299
11.613299
10.739268
11.410717
10.914268
11.309361
11.207037
11.062241
11.091118
10.869126
11.719753
11.911860
11.911860
11.654843
11.654843
11.654843
11.654843
10.744774
10.744774
11.166007
11.166007
11.166007
9.811612
9.811612
9.811612
9.811612
9.378694
9.378694
9.378694
7.888903
7.888903
7.888903
6.706855
6.706855
6.706855
5.563257
5.563257
5.563257
5.895295
5.895295
5.895295
5.895295
5.895295
3.032905
3.032905
3.032905
3.032905
0.000000
0.000000
0.000000
0.000000
0.000000
0.000000
2.538938
2.538938
2.538938
2.538938
3.650761
3.650761
0.000000
0.000000
0.000000
0.000000
0.000000
0.000000
0.000000
0.000000
0.000000
0.000000
0.000000
0.000000
0.000000
0.000000
0.000000
0.000000
0.000000
0.000000
0.000000
0.000000
0.000000
0.000000
0.000000
0.000000
0.000000
0.000000
0.000000
0.000000
0.000000
0.000000
0.000000
0.000000
0.000000
0.000000
0.000000
0.000000
0.000000
0.000000
0.000000
0.000000
0.000000
0.000000
0.000000
0.000000
0.000000
0.000000
0.000000
0.000000
0.000000
0.000000
0.000000
0.000000
0.000000
0.000000
0.000000
0.000000
0.000000
0.000000
0.000000
0.000000
0.000000
0.000000
0.000000
0.000000
