0.000000
0.000000
0.000000
0.000000
0.000000
0.000000
0.000000
0.000000
0.000000
0.000000
0.000000
0.000000
0.000000
0.000000
-0.000000
-0.000000
-0.000000
-0.000000
-0.000000
-0.000000
-0.000000
-0.000000
-0.000000
-0.000000
-0.000000
-0.000000
-0.000000
-0.000000
-0.000000
-0.000000
-0.000000
-0.000000
-0.000000
-0.000000
-0.000000
-0.000000
-0.000000
-0.000000
-0.000000
-0.000000
-0.000000
-0.000000
-0.000000
-0.000000
-0.000000
-0.000000
-0.000000
-0.000000
-0.000000
-0.000000
-0.000000
-0.000000
-0.000000
-0.000000
-0.000000
-0.000000
-0.000000
-0.000000
-0.000000
-0.000000
-0.000000
-0.000000
-0.000000
-0.000000
-0.000000
-0.000000
-0.000000
-0.000000
-0.000000
-0.000000
-0.000000
-0.000000
-0.000000
-0.000000
-0.000000
-0.000000
-0.000000
-0.000000
-0.000000
-0.000000
-0.000000
-0.000000
-0.000000
-0.000000
-2.114138
-0.000000
-0.000000
-0.000000
-4.994626
-5.154901
-3.801276
-6.701463
-8.516622
-7.830840
-7.066163
-8.398156
-8.713180
-8.651899
-9.961210
-9.508506
-9.045828
-10.876713
-9.653765
-9.990933
-9.471330
-9.873139
-9.926287
-9.507054
-11.237025
-9.924141
-9.774182
-9.930802
-8.509129
-7.774591
-9.443333
-7.495951
-6.451326
-8.961319
-8.038658
-4.797536
-6.921775
-5.164100
-4.675439
-1.637884
-2.227242
-0.000000
-0.000000
-0.241567
-0.000000
-0.000000
-0.000000
-0.000000
-0.000000
-0.000000
-0.000000
-0.000000
-0.000000
-0.000000
-0.000000
-0.000000
-0.000000
-0.000000
-0.000000
-0.000000
-0.000000
-0.000000
-0.000000
-0.000000
-0.000000
-2.049164
-5.567585
-6.846936
-8.722591
-9.873251
-11.193653
-12.613580
-14.056473
-15.781995
-16.624950
-19.021415
-19.490300
-20.905247
-22.077368
-23.767908
-25.198993
-26.424382
-28.375031
-28.447076
-29.742887
-31.109952
-32.156991
-33.287108
-34.114968
-34.999265
-35.942249
-36.366134
-36.474927
-36.696438
-36.698899
-36.592692
-36.446206
-36.485822
-35.751252
-35.528017
-34.724415
-33.318050
-32.429808
-31.012159
-29.975453
-28.516725
-27.482033
-25.310183
-24.316006
-23.028650
-21.476468
-19.071998
-19.071998
-15.786405
-13.731565
-12.267512
