-0.000000
-0.000000
-0.000000
-0.000000
-0.000000
-3.552586
-4.642225
-0.000000
-0.000000
-4.341271
-3.891050
-5.000329
-5.263025
-5.667051
-9.459261
-6.375860
-9.602043
-10.790717
-10.280301
-12.310609
-12.310609
-12.310609
-12.932143
-13.364187
-14.215740
-14.272804
-15.533214
-15.533214
-17.392848
-16.836373
-18.329166
-18.658394
-18.193270
-18.193270
-19.136819
-19.513912
-19.655039
-20.825941
-20.385479
-20.910496
-20.910496
-21.257823
-21.335610
-21.335610
-21.206050
-21.533113
-20.557355
-20.182110
-19.673805
-19.662760
-19.362908
-18.906409
-18.327950
-17.266012
-16.921404
-15.792954
-14.996331
-14.627116
-13.988973
-12.016140
-10.908224
-9.626894
-8.384396
-5.022949
-4.945613
-0.000000
-0.000000
-0.000000
-0.000000
-0.000000
-0.000000
-0.000000
-0.000000
-0.000000
-0.000000
-0.000000
-0.000000
-0.000000
-0.000000
0.000000
0.000000
0.000000
0.000000
0.000000
0.000000
0.000000
0.000000
0.000000
0.000000
0.000000
0.000000
0.000000
0.000000
0.000000
0.000000
0.000000
0.000000
0.000000
0.000000
0.000000
0.000000
0.000000
0.000000
0.000000
-0.000000
-0.000000
-0.000000
-0.000000
-0.000000
-0.000000
-0.000000
-0.000000
-0.000000
-0.000000
-0.000000
-0.646325
-0.000000
-0.000000
-0.000000
-5.178787
-2.983267
-2.299568
-4.176050
-2.646402
-0.000000
-0.000000
-0.000000
-0.000000
-0.000000
-0.000000
-0.000000
-0.000000
-0.000000
-0.000000
-0.000000
-0.000000
-0.000000
-0.000000
-2.189917
-2.844585
-0.000000
-0.000000
-2.813844
-0.000000
-0.000000
-0.000000
-2.188892
-0.000000
-0.000000
-0.000000
-0.000000
-0.000000
-0.000000
-0.000000
-0.000000
-0.000000
-0.000000
-0.000000
-0.000000
-0.000000
-0.000000
-0.000000
-0.000000
-0.000000
-0.000000
-0.000000
-0.000000
-0.000000
-0.000000
-0.000000
-0.000000
-0.000000
-0.000000
-0.000000
-0.000000
-0.000000
-0.000000
-0.000000
-0.000000
-0.000000
-0.000000
-0.000000
-0.000000
-0.000000
-0.000000
-0.000000
-0.000000
-0.000000
-0.000000
-0.000000
-0.000000
-0.000000
-0.000000
-0.000000
-0.000000
-0.000000
-0.000000
-0.000000
-0.000000
-0.000000
