0.000000
0.000000
0.000000
0.000000
0.000000
0.000000
0.000000
0.000000
0.000000
0.000000
0.000000
0.000000
0.000000
0.000000
0.000000
0.000000
0.000000
0.000000
0.000000
0.000000
0.000000
0.000000
0.000000
0.000000
0.000000
0.000000
0.000000
0.000000
0.000000
0.000000
0.000000
0.000000
0.000000
0.000000
0.000000
0.000000
3.954227
4.485062
4.485062
-0.000000
-3.733130
-0.000000
-0.000000
-2.549917
-3.495920
-3.846497
-0.000000
-1.417502
-2.964042
-3.175579
-3.319874
-2.639238
-4.203486
-0.000000
-4.093207
-0.000000
-0.000000
-0.000000
-0.000000
-0.000000
-0.000000
-0.000000
-0.000000
-0.000000
-0.000000
-0.000000
-0.000000
-0.000000
-0.000000
-0.000000
-0.000000
-0.000000
-0.000000
-0.000000
-0.000000
-0.000000
-0.000000
-0.000000
-0.000000
-0.000000
-0.000000
-0.000000
-0.000000
-0.000000
-0.000000
-0.000000
-0.000000
-0.000000
-0.000000
-0.000000
-0.000000
-0.000000
-0.000000
-0.000000
-0.000000
-0.000000
-0.000000
-0.000000
-0.000000
-0.000000
-0.000000
-0.000000
-0.000000
-0.000000
-0.000000
-0.000000
-0.000000
-0.000000
-0.000000
-0.000000
-0.000000
-0.000000
-0.000000
-0.000000
-0.000000
-0.000000
-0.000000
-0.000000
-0.000000
0.000000
0.000000
0.000000
0.000000
0.000000
0.000000
0.000000
0.000000
0.000000
2.640038
6.822500
9.372584
10.004623
11.326331
12.048091
13.188598
13.257474
14.333321
14.658134
14.731562
15.759578
15.741943
15.524535
15.541877
16.250480
16.255665
16.736368
17.773390
18.833830
19.511119
20.292088
21.043711
21.466384
22.062824
22.179180
22.423596
22.197219
22.784553
22.879945
23.609870
24.554681
25.535416
25.855003
26.158477
26.930857
27.148228
27.148228
27.969058
28.283585
28.229327
28.488705
28.708436
28.953142
29.301214
29.479012
29.961943
29.488473
29.424871
29.465314
30.097033
30.064046
30.416809
30.416809
30.323075
30.470296
30.219338
30.558623
30.267392
30.186934
30.267118
29.842986
30.142513
30.118997
29.752266
29.386635
29.637512
29.436882
28.585719
28.752998
28.360605
28.303807
