0.000000
4.438014
4.603878
0.000000
4.374026
3.134084
4.432178
1.410120
4.552678
4.578617
1.150010
4.801931
6.202837
1.069382
3.516820
4.058878
6.192289
3.598930
4.621282
5.516795
3.378016
2.387951
5.095575
4.270924
5.255241
3.691807
5.021802
4.512662
3.848967
4.684003
5.544144
5.690783
7.067341
7.162280
6.376928
7.045758
7.135848
6.635665
7.447391
8.460456
8.571311
9.083550
8.958322
8.971530
8.894038
7.707930
9.236237
8.979948
9.434018
8.932068
8.340368
9.494845
9.665729
9.585322
9.854683
10.358177
10.274112
10.274112
10.318747
9.820832
10.026297
9.918782
11.191641
10.994705
11.387286
11.533440
11.938789
12.157476
12.041674
11.882952
12.263049
11.908811
11.924197
12.499632
13.182524
13.740058
14.499203
14.938240
14.938240
16.406184
17.093272
17.093272
17.022829
17.609023
18.178323
18.846558
18.846558
19.277441
19.277441
19.277441
19.337330
19.517657
19.517657
19.517657
19.517657
19.517657
19.517657
19.517657
19.517657
19.517657
19.517657
21.772805
21.845927
22.280112
22.298838
22.140366
22.293228
22.293228
22.141420
21.958171
21.811714
21.583111
21.482525
21.370577
21.370577
20.944735
20.864451
20.864451
20.864451
20.864451
19.935535
20.021253
20.021253
19.749157
19.970820
20.158500
20.002292
19.799485
19.815824
19.371420
19.213525
18.828556
18.376448
18.274288
18.019427
17.476668
17.079583
16.133166
15.642038
13.928926
13.126822
11.410931
11.144065
10.796659
9.421997
9.652712
7.683968
8.202788
6.886165
5.793498
5.793498
0.000000
3.651871
0.000000
-0.000000
-0.000000
-0.000000
-0.000000
-0.000000
-0.000000
-0.000000
-0.000000
-0.000000
-0.000000
-0.000000
-0.000000
-0.000000
-0.000000
-0.000000
-0.000000
-0.000000
-0.000000
-0.000000
-0.000000
-0.000000
-0.000000
-0.000000
-0.000000
-0.000000
-0.000000
-0.000000
-0.000000
-0.000000
-0.000000
-0.000000
-0.000000
-0.000000
-0.000000
-0.000000
-0.000000
-0.000000
-0.000000
-0.000000
-0.000000
-0.000000
-0.000000
-0.000000
-0.000000
-0.000000
-0.000000
