0.000000
0.000000
0.000000
0.000000
0.000000
0.362355
0.000000
0.000000
0.000000
0.000000
0.000000
0.000000
0.000000
0.000000
0.000000
0.000000
0.000000
0.000000
0.000000
0.000000
0.000000
0.000000
0.000000
0.000000
0.000000
0.000000
0.000000
0.000000
0.000000
0.000000
0.000000
0.000000
0.000000
-0.000000
-0.000000
-0.000000
-0.000000
-0.000000
-0.000000
-0.000000
-0.000000
-0.000000
-0.000000
-0.000000
-0.000000
-0.000000
-2.016653
-1.350020
-4.981720
-0.000000
-2.948395
-4.676410
-0.000000
-4.593350
-3.680314
-4.474194
-7.295339
-2.724699
-5.925995
-5.613981
-5.514847
-6.531504
-7.857943
-6.392946
-8.102877
-7.761313
-7.883146
-7.521233
-7.684097
-8.591860
-7.845349
-7.108853
-8.385458
-7.023029
-7.064263
-8.438039
-8.595536
-8.183738
-8.068184
-7.080315
-6.534319
-6.534319
-6.522032
-7.116775
-5.162789
-3.143985
-7.009192
-4.525542
-2.135963
-5.503248
-5.503248
-3.590815
-2.666715
-1.726964
-3.006234
-0.000000
-0.000000
-3.932939
-2.659181
-0.915863
-2.314850
-2.314850
-0.000000
-0.000000
-0.000000
-0.000000
-0.000000
-0.000000
-0.000000
-0.000000
-0.000000
-0.000000
-0.000000
-0.000000
-0.000000
-0.000000
-0.000000
-0.000000
-0.000000
-0.000000
-0.000000
-0.000000
-0.000000
-0.000000
-0.000000
-0.000000
-0.000000
-0.000000
-0.000000
-0.000000
-0.000000
-0.000000
-0.000000
-0.000000
-0.000000
-0.000000
-0.000000
-0.000000
-0.000000
-0.000000
-0.000000
-0.000000
-0.000000
-0.000000
-0.000000
-0.000000
-0.000000
-0.000000
-0.000000
-0.000000
-0.000000
-0.000000
-0.000000
-0.000000
-0.000000
-0.000000
-0.000000
-0.000000
-0.000000
-0.000000
-0.000000
-0.000000
-0.000000
-0.000000
-0.000000
-0.000000
-0.000000
-0.000000
-0.000000
-0.000000
-0.000000
-0.000000
-0.000000
-0.000000
-0.000000
-0.000000
-0.000000
-0.000000
-0.000000
-0.000000
-0.000000
-0.000000
-0.000000
-0.000000
-0.000000
-0.000000
-2.846223
-0.000000
-0.000000
-0.000000
-0.000000
-0.000000
-0.000000
-0.000000
-0.000000
-0.000000
-0.000000
-0.000000
-0.000000
-0.000000
