-0.000000
-0.000000
-0.000000
-0.000000
-0.000000
-0.000000
-0.000000
-0.000000
-0.000000
-0.000000
-4.359361
-4.145161
-7.108501
-6.167615
-6.574617
-7.916599
-7.608768
-9.085298
-9.462867
-10.748227
-11.373729
-11.256731
-14.434905
-14.917208
-15.817965
-17.694837
-19.358648
-19.873986
-23.039984
-24.041231
-24.878088
-25.983374
-26.598509
-27.411564
-28.335874
-28.460913
-29.458955
-29.798326
-30.353131
-30.955530
-31.658035
-32.260411
-32.426003
-33.596355
-33.605581
-33.719789
-34.204936
-34.807564
-34.694741
-35.409968
-35.375220
-35.195049
-35.606260
-34.784182
-34.724123
-34.664196
-34.196634
-33.491254
-32.606909
-31.778937
-30.995216
-30.213180
-29.179869
-27.708623
-26.385373
-25.775885
-24.216276
-23.528681
-21.516911
-20.460726
-19.468416
-17.142295
-15.543986
-13.406658
-12.298472
-8.413921
-8.507944
-0.000000
-0.000000
-0.000000
-0.000000
-0.000000
-0.000000
-0.000000
-0.000000
-0.000000
-0.000000
-0.000000
-0.000000
-10.323402
-9.203169
-8.816154
-10.041792
-8.903992
-9.761048
-10.258723
-13.177010
-13.177010
-11.805448
11.553570
11.972811
11.561529
11.514871
11.514871
12.674749
11.854514
11.165608
12.094187
11.891812
11.891812
12.605134
11.499333
11.386023
11.555936
12.321851
12.321851
11.659374
9.915827
11.667244
8.774943
6.009969
6.009969
9.703615
11.458093
9.580565
9.896222
9.896222
9.208242
9.744895
7.486481
9.084372
10.226830
10.226830
10.106397
10.264501
10.264501
10.264501
10.643446
10.643446
12.881980
13.929715
14.644182
15.258433
15.288725
15.288725
15.851208
15.583267
15.817209
16.685606
16.668796
16.668796
17.539943
17.134970
18.299639
18.586047
18.586047
17.407654
17.884132
17.754044
17.048637
16.329853
16.329853
16.533526
16.282645
16.162373
16.040981
15.613974
15.613974
14.172530
14.620724
0.000000
0.000000
0.000000
0.000000
0.000000
0.000000
0.000000
0.000000
0.000000
0.000000
0.000000
0.000000
0.000000
0.000000
0.000000
0.000000
0.000000
0.000000
0.000000
0.000000
0.000000
0.000000
0.000000
0.000000
0.000000
0.000000
0.000000
0.000000
0.000000
0.000000
