0.000000
0.000000
0.000000
0.000000
0.000000
0.000000
0.000000
0.000000
1.221627
2.821364
2.193601
5.409353
6.083474
6.030159
6.321885
6.589692
6.570292
6.866485
7.557783
7.939231
8.134045
8.833063
9.468529
9.349146
9.413275
10.718757
10.788766
11.300724
10.448686
10.718157
11.401317
11.407225
12.123730
12.728155
12.599704
13.131090
13.482625
13.088422
13.763211
13.995059
14.451853
14.151226
14.958096
14.977556
17.031313
16.589837
16.304246
17.041466
17.038413
17.096799
16.827139
16.856439
16.661467
16.470833
16.425901
16.478767
16.568799
16.357271
17.014160
16.940199
17.124828
17.569626
18.087663
18.764903
19.165181
19.421567
19.569084
19.640794
19.689815
19.884259
19.846578
19.801699
19.848218
20.546422
21.209114
22.161527
23.130988
23.941383
24.328710
24.808265
24.807912
24.718612
25.145331
24.961734
25.195088
25.868096
26.260515
26.516827
27.257112
27.531701
28.092883
28.208848
28.422756
28.372811
28.401597
28.306348
28.185128
28.185128
28.008473
27.849052
27.781605
27.285335
27.173455
27.173455
26.890877
26.321732
26.162445
26.158377
25.944764
25.944764
25.912321
25.664017
25.398052
25.068036
24.640689
24.640689
24.106186
20.712825
18.196362
14.642324
7.465318
7.465318
0.000000
0.000000
0.000000
-0.000000
-0.000000
-0.000000
-0.000000
-0.000000
-0.000000
-0.000000
-0.000000
-0.000000
-0.000000
-0.000000
-0.000000
-16.110854
-16.110854
-18.901650
-21.686281
-25.856793
-27.003951
-28.896587
-28.896587
-30.395155
-31.781842
-34.787238
-36.042512
-37.304276
-37.304276
-38.348823
-39.201695
-40.377313
-40.721175
-40.721175
-40.887913
-40.942446
-41.123208
-41.164509
-41.394945
-41.394945
-41.374234
-41.532326
-41.702176
-41.818990
-42.010513
-42.010513
-42.082152
-42.240813
-42.111489
-42.448244
-42.530979
-42.530979
-42.451505
-42.375204
-42.348673
-42.044665
-42.044665
-41.678219
-41.439454
-41.429558
-41.249229
-41.047555
-41.047555
-40.871249
-40.957435
-41.029573
-41.044961
-41.148405
-41.148405
-41.093026
-41.040970
-41.092451
-40.955976
-41.233162
-41.233162
-41.348903
-41.222237
-41.360997
