0.000000
0.000000
2.427387
0.828737
0.000000
0.000000
0.000000
0.000000
0.000000
2.929502
0.000000
1.550835
2.335316
0.000000
4.224955
2.337842
3.892803
4.077722
5.741141
6.671298
7.103604
8.319815
8.214499
9.341509
10.099639
10.301725
12.390698
12.685247
14.221515
15.140212
16.485028
16.892416
18.395274
19.303579
20.150696
20.909298
21.559882
22.322376
22.476190
23.272940
23.504914
24.219435
24.594887
25.128014
25.501429
25.761256
26.240098
26.895354
27.395276
28.115085
28.578485
29.325457
30.038437
30.875014
31.635067
32.541034
32.951325
33.655558
34.349034
34.715800
35.215071
35.710786
36.273302
36.384108
36.581657
36.849108
37.117492
37.084597
37.244126
37.412258
37.575385
37.744389
38.064866
38.098174
38.158805
38.287240
38.374604
38.416914
38.390665
38.427056
38.311839
38.311839
37.893657
37.542518
37.212685
36.756841
36.439316
35.873230
35.535731
35.039582
35.039582
34.010822
33.273465
32.687648
32.067094
31.160137
30.651813
29.838263
28.833335
28.215662
27.227857
27.227857
25.520118
24.573729
23.918831
22.927886
22.473392
21.221887
20.426365
19.578162
18.569979
17.038106
16.028848
14.699525
13.823962
12.364640
11.015947
10.495326
9.480052
8.831125
8.496116
7.775751
7.351389
6.785958
7.732510
7.732510
7.732510
6.218725
-6.353438
-5.972777
-6.150023
-6.382038
-6.277811
-6.616288
-5.590839
-6.177210
-6.197494
-6.480690
-6.543824
-6.364782
-7.048083
-6.352378
-7.100941
-7.613512
-7.826380
-8.427205
-8.336427
-8.767991
-9.080482
-9.172816
-9.425576
-9.307180
-10.241886
-9.991131
-10.377119
-10.929901
-11.451927
-12.177534
-12.561856
-12.940207
-13.458072
-14.149568
-14.800484
-15.184415
-15.439534
-15.940129
-15.940129
-15.940129
-15.940129
-15.940129
-18.002941
-18.562140
-18.790836
-19.006168
-19.722349
-20.257834
-20.684061
-21.088681
-21.588668
-22.034306
-22.366270
-22.703204
-23.084233
-23.672031
-24.082232
-24.412383
-24.736978
-24.986884
-25.084997
-25.308365
-25.308365
-26.165556
-26.569706
-27.269573
-27.863546
-28.715017
-29.488064
-30.441886
-30.872828
-31.387026
