0.000000
0.000000
0.000000
0.000000
0.000000
0.000000
0.000000
0.000000
0.000000
0.000000
0.000000
0.000000
0.000000
0.000000
1.255458
0.948756
0.948756
4.378897
4.960133
5.575256
6.478492
7.697270
7.957394
7.957394
9.458222
10.680914
11.113971
12.064109
13.027136
13.593353
14.946698
15.375558
16.068676
16.751053
17.372877
18.300135
18.496646
19.264153
19.446047
19.557111
20.048276
20.807636
20.859259
21.136924
21.421321
21.895831
22.304859
22.802779
23.675319
24.756999
24.756999
24.756999
27.193795
27.994448
28.657274
28.816923
29.302266
29.537288
29.848626
29.655240
29.414689
29.406885
29.240636
28.847556
28.668760
28.550862
28.315388
28.315388
28.315388
28.315388
27.550775
27.180386
27.180386
26.900194
26.533027
26.308287
25.773419
24.927593
23.126213
21.188224
18.932752
16.771656
14.861821
13.228075
11.254337
10.245531
8.832835
8.169883
6.457981
-6.002283
-4.685066
-1.136968
-1.960560
-0.000000
-0.000000
-0.000000
-0.000000
-0.000000
-0.000000
-0.000000
-0.000000
-0.000000
-0.000000
-0.000000
-0.000000
-0.000000
-0.000000
-3.449868
-4.180947
-3.609314
-4.191001
-3.569548
-4.877945
-5.333444
-5.349718
-5.349185
-5.562345
-5.012063
-6.161801
-6.676064
-5.859344
-6.431563
-6.923148
-7.691995
-8.338473
-8.926268
-8.899227
-9.221644
-9.656937
-9.749615
-10.533498
-10.612741
-10.694413
-10.689321
-10.783890
-10.935245
-11.320577
-11.320577
-11.320577
-11.320577
-11.320577
-11.320577
-11.320577
-11.440998
-11.596199
-11.996133
-12.099841
-12.337677
-12.367409
-12.367312
-12.367312
-12.331435
-12.523345
-12.430050
-12.570275
-12.661002
-12.910157
-13.272628
-13.340079
-13.476306
-13.671773
-14.001973
-14.649547
-14.676443
-15.289141
-15.743044
-16.152914
-16.496125
-17.376279
-18.067206
-19.049330
-19.789268
-19.789268
-20.891971
-21.206086
-21.407070
-21.636149
-21.769752
-21.661137
-21.901880
-22.163890
-22.080917
-22.079803
-22.294562
-22.519463
-22.785002
-23.249948
-23.697209
-24.283367
-25.087348
-25.707305
-26.302540
-26.677092
-27.098389
-27.112184
-27.566613
-27.156910
-26.856073
-26.742883
-26.101064
