0.000000
0.000000
0.000000
0.000000
0.000000
0.000000
0.000000
0.000000
0.000000
0.000000
0.000000
0.000000
0.000000
0.000000
0.000000
0.000000
0.000000
1.032551
1.136539
2.128623
2.128623
2.128623
6.079097
6.079097
8.651217
8.651217
8.651217
8.651217
13.688555
13.688555
13.688555
13.688555
17.637506
17.637506
19.013569
19.013569
19.902432
19.902432
19.902432
19.902432
21.092144
21.092144
21.092144
21.092144
24.710837
25.192730
25.192730
25.192730
26.086711
26.029324
26.029324
26.029324
26.935417
26.935417
26.935417
28.244904
28.244904
28.244904
28.244904
28.244904
28.244904
28.244904
28.244904
28.244904
28.244904
28.244904
28.244904
28.244904
28.244904
28.244904
34.345942
34.580466
34.728558
34.818687
34.902894
34.948527
34.780376
34.548762
34.548762
34.472099
34.439699
34.418389
34.362901
34.424419
34.347731
34.082013
34.150017
33.941064
33.887058
33.887058
33.308324
33.308324
33.308324
33.308324
32.848132
32.848132
32.536565
32.536565
32.536565
31.641285
31.641285
31.641285
31.641285
30.902296
30.902296
30.902296
30.420502
30.420502
30.420502
28.992762
28.992762
28.992762
26.472080
26.472080
26.472080
23.264360
23.264360
23.264360
23.264360
23.264360
17.679504
17.679504
17.679504
17.679504
14.628167
14.628167
14.628167
13.093303
13.093303
13.093303
9.781365
9.781365
9.781365
9.781365
6.944862
6.944862
2.472160
2.472160
2.472160
2.472160
0.000000
0.000000
0.000000
0.000000
0.000000
0.000000
0.000000
0.000000
0.000000
0.000000
0.000000
0.000000
0.000000
0.000000
0.000000
0.000000
0.000000
0.000000
0.000000
0.000000
0.000000
0.000000
0.000000
0.000000
0.000000
0.000000
0.000000
0.000000
0.000000
0.000000
0.000000
0.000000
0.000000
0.000000
-0.000000
-0.000000
-0.000000
-0.000000
-0.000000
-0.000000
-0.000000
-0.000000
-0.000000
-0.000000
-0.000000
-0.000000
-0.000000
-3.992676
-3.992676
-3.992676
-3.992676
-3.992676
-12.142171
-12.142171
-12.142171
-12.142171
-15.692078
-15.692078
-16.129301
-16.038785
