0.000000
0.000000
0.517591
2.835596
2.163490
0.000000
1.204195
0.000000
1.228853
1.228853
1.228853
-1.620355
-4.839107
-5.162023
-7.506702
-8.910586
-9.344379
-9.530919
-9.530919
-9.530919
-10.164804
-10.997146
-11.506238
-11.088262
-12.345031
-12.575675
-12.583602
-13.763502
-13.603877
-13.840212
-13.912901
-13.874805
-14.593379
-14.903723
-14.661456
-15.191481
-15.205016
-15.162107
-15.418820
-16.081127
-16.110716
-15.909819
-15.909819
-16.489940
-16.748391
-17.318743
-17.031310
-17.768630
-17.669004
-17.463208
-17.519367
-17.562608
-18.088309
-18.088309
-18.170845
-18.032720
-17.779145
-17.411314
-17.683415
-16.903849
-16.903849
-16.903849
-15.488783
-14.421272
-14.020526
-13.140183
-13.091911
-12.573208
-12.573208
-10.850434
-9.714533
-9.406437
-8.542650
-8.110387
-7.349832
-5.097154
-4.517591
-4.517591
-4.517591
-0.000000
-0.000000
-0.000000
-0.000000
-0.000000
-0.000000
-0.000000
-0.000000
-0.000000
-0.000000
0.000000
0.000000
0.000000
0.000000
0.000000
0.000000
0.000000
0.000000
0.000000
0.000000
0.000000
0.000000
0.000000
1.951715
3.830656
4.017810
5.052317
5.052317
5.052317
7.142273
6.951622
7.082802
6.914969
6.914969
8.090637
8.122345
8.566488
9.185277
9.274669
9.274669
9.274669
10.168653
10.415862
10.483605
11.249696
11.249696
10.949064
11.208905
11.208905
11.220570
11.219198
11.219198
11.400950
11.400950
11.400950
8.854811
7.885218
7.885218
5.748169
-1.525182
-0.000000
-0.000000
-0.000000
-0.000000
-0.000000
-0.000000
-0.000000
-0.000000
-0.000000
-0.000000
-0.000000
-0.000000
-0.000000
-0.000000
-0.000000
-0.000000
-0.000000
-0.000000
-1.100375
-3.531479
-4.843257
-8.398184
-8.398184
-8.989669
-9.635209
-9.635209
-11.130139
-11.559401
-11.559401
-11.443391
-12.458693
-12.474795
-12.827756
-13.183634
-13.183634
-13.658611
-14.174373
-14.240325
-14.240325
-14.477138
-14.477138
-14.709158
-14.351110
-14.351110
-14.303178
-13.647000
-13.647000
-13.343588
-13.191847
-12.628833
-11.676176
-10.631703
-10.631703
-10.101318
-9.598620
-8.666681
-8.248459
-6.061322
-6.061322
-6.311821
-4.815299
