0.000000
0.000000
0.000000
0.000000
0.000000
0.000000
0.000000
0.000000
0.000000
0.000000
0.000000
0.000000
0.000000
-0.000000
-0.000000
-0.000000
-0.000000
-2.565492
-3.110341
-2.954547
-4.679717
-3.973898
-4.814633
-4.749577
-6.370973
-5.787393
-6.701917
-6.899885
-7.436154
-8.106800
-8.262840
-8.794470
-9.592718
-9.052990
-10.043584
-9.665404
-10.160078
-10.441802
-10.310252
-10.183307
-10.682606
-10.730501
-10.742590
-11.203889
-11.473094
-11.639524
-12.047096
-12.850281
-13.274100
-14.031813
-14.335072
-14.947854
-15.135385
-15.832821
-16.022593
-16.299294
-16.503878
-16.503878
-16.509192
-16.494131
-16.758888
-16.836566
-17.124461
-17.115389
-17.211756
-17.153176
-17.110296
-17.151129
-17.035975
-17.213753
-17.051776
-17.211633
-16.935144
-16.820951
-16.491065
-16.160751
-15.584963
-14.712252
-14.712252
-12.774412
-12.203341
-12.203341
-10.768533
-9.465407
-9.043082
-8.817749
-8.817749
-7.856428
7.856428
7.856428
4.904518
5.007383
5.007383
5.007383
5.007383
5.007383
5.007383
5.007383
5.007383
5.007383
5.007383
4.910261
5.023462
6.159654
5.607909
5.794173
5.906166
5.906166
6.506895
5.764875
6.505433
6.264056
6.897491
6.620424
6.620424
6.469212
6.061191
6.061191
6.061191
6.061191
4.575862
4.165084
4.165084
0.000000
0.000000
0.000000
0.000000
0.000000
0.000000
0.000000
0.000000
0.000000
0.000000
0.000000
0.000000
0.000000
0.000000
0.000000
0.000000
0.000000
0.000000
0.000000
0.000000
0.000000
0.000000
0.000000
0.000000
0.000000
0.000000
0.000000
0.000000
0.000000
0.000000
0.000000
0.000000
0.000000
0.000000
0.000000
0.000000
0.000000
0.000000
0.000000
1.325770
0.000000
0.619319
0.500672
0.556624
2.141147
2.387547
2.717837
2.717837
3.063497
0.665531
3.167685
3.184052
3.382377
3.382377
3.011209
2.973957
2.973957
2.973957
2.973957
2.973957
2.973957
9.031040
9.135685
10.216035
10.298546
11.003268
11.555620
12.583581
12.878549
13.730721
13.821980
13.821980
15.078012
15.651729
16.335383
16.800368
16.814833
