0.000000
0.000000
0.000000
0.000000
0.000000
0.000000
0.000000
0.000000
1.335177
3.437323
5.763448
7.097424
8.578804
9.985627
11.031577
11.716434
13.126901
14.318867
15.347787
16.453695
17.823477
19.041397
19.706006
20.846032
21.507477
21.975869
22.825020
23.530598
23.782322
24.674110
25.016757
25.403723
25.662240
25.873925
25.997796
25.931905
25.899879
25.748805
25.599681
25.306516
25.110939
24.785226
24.440339
24.138866
23.688648
23.181764
22.315987
21.425827
20.530135
19.357213
18.202536
17.116061
15.670677
14.396848
12.661453
11.752804
10.381204
8.464827
7.726823
6.053325
4.326097
3.040536
0.000000
0.000000
0.000000
0.000000
0.000000
0.000000
0.000000
0.000000
-0.589575
-3.189673
-4.530749
-6.532353
-7.495607
-8.892838
-9.655924
-11.151208
-11.745486
-13.460174
-14.201772
-15.830181
-17.016231
-18.048792
-19.106295
-20.161443
-20.883569
-22.212011
-22.927748
-24.012102
-24.957553
-25.534700
-26.723032
-27.180539
-28.025621
-28.667409
-29.528798
-30.050087
-30.697572
-31.457093
-31.937107
-32.291084
-32.684229
-33.003255
-33.220320
-33.342845
-33.409070
-33.394754
-33.321438
-33.239161
-32.807918
-32.359863
-31.658005
-30.981980
-30.149224
-29.504855
-28.607369
-27.886288
-27.081598
-25.979100
-25.106966
-24.312224
-23.292852
-22.536111
-21.709852
-20.726705
-19.498160
-18.602140
-17.679736
-16.326512
-15.399890
-14.351751
-13.351239
-12.633277
-11.174556
-10.753852
-10.071183
-9.204891
-8.642870
-8.642870
-8.642870
-8.642870
-8.642870
-8.642870
-7.610164
-7.771370
-8.156990
7.962928
8.276492
8.899433
9.045436
8.727663
9.705490
9.895482
10.148953
10.669945
10.893458
11.219163
11.490704
11.987256
12.043502
12.817322
13.059068
13.580811
13.817146
14.073248
12.145505
14.927046
15.105304
15.633108
15.678237
15.900170
16.453073
16.609061
16.710013
16.924906
16.807604
16.913407
17.043734
17.276406
17.267067
17.290269
17.260903
16.864879
16.810602
16.553866
16.364745
16.032381
15.954684
15.476007
14.628552
14.825519
13.177712
13.144218
12.867849
12.958611
12.958611
12.437198
12.190872
11.947647
