0.000000
0.000000
0.000000
0.000000
0.000000
0.000000
0.000000
0.000000
0.000000
0.000000
0.000000
0.000000
0.000000
0.000000
3.051747
5.209422
7.374812
9.317922
11.216152
12.661669
14.421571
15.527722
17.151764
18.981201
20.314433
21.697857
23.078741
24.913157
26.662228
28.048336
29.657804
31.095376
32.481374
33.950789
34.785955
35.878728
36.851054
37.512951
37.512951
38.505654
38.882925
39.131130
39.029848
39.117739
38.925847
38.896231
38.391616
38.102060
37.868471
38.083803
37.831399
37.780032
37.845247
37.599898
37.560656
37.277032
36.896239
36.558399
36.168347
35.480356
34.922489
34.256529
33.366934
32.790228
32.201564
31.499388
30.972203
30.658069
30.192767
29.751442
29.368193
28.875673
28.714750
28.134386
27.855595
27.191927
25.876478
24.827383
24.827383
21.895913
19.835110
18.824678
17.710495
17.710495
17.710495
17.710495
17.710495
17.710495
17.710495
7.168890
7.168890
2.913277
0.000000
0.300680
0.000000
0.000000
0.000000
0.000000
0.000000
0.000000
0.000000
0.000000
0.000000
-0.000000
-0.000000
-0.000000
-0.000000
-0.531771
-2.162982
-2.619256
-3.406660
-4.964301
-7.174594
-9.658179
-11.152529
-13.299349
-14.943241
-16.424038
-17.767460
-19.009681
-20.214632
-21.074350
-21.456700
-21.879943
-22.440196
-22.498100
-22.753916
-23.395245
-24.138026
-24.716263
-25.298769
-25.625502
-26.058298
-26.431150
-27.071468
-27.676028
-28.253432
-28.893777
-29.483120
-29.753216
-29.699467
-29.568857
-29.387028
-29.496822
-29.532416
-29.639432
-29.952936
-30.275184
-30.444124
-30.701323
-30.871528
-30.863212
-30.662523
-30.209535
-29.604776
-29.053678
-28.457237
-28.044793
-27.559788
-27.548414
-27.375759
-27.074987
-26.918128
-26.792749
-26.608316
-26.608316
-26.084421
-25.559292
-25.080734
-24.709504
-24.260688
-24.183742
-23.800972
-23.902278
-23.335641
-22.376732
-21.408141
-20.423935
-19.968872
-18.872420
-17.733264
-17.733264
-16.476740
-15.591727
-14.377398
-13.418706
-12.790806
-12.080442
-11.326965
-10.819093
-9.984291
-8.170592
-5.041454
-1.231915
-0.000000
-0.000000
-0.000000
-0.000000
-0.000000
-0.000000
