0.000000
0.000000
0.000000
0.000000
0.000000
0.000000
0.000000
0.000000
1.017396
1.416260
2.618984
1.735876
1.778270
2.010928
3.330449
4.063083
4.216191
4.544833
4.886781
4.444562
4.444562
4.444562
6.273325
6.868302
7.584811
7.711123
8.005755
8.005755
8.160969
9.144087
8.487185
8.610690
9.089503
9.089503
9.712171
9.772793
9.830958
10.088240
10.318480
10.441587
10.441587
10.597033
10.605493
10.605493
10.611598
10.412322
10.404507
10.183579
9.995992
10.121951
10.103005
10.359430
9.874151
9.492038
8.416738
8.393209
8.188622
7.776045
7.463588
6.503993
5.729145
5.108289
4.317143
1.467125
1.249054
0.000000
0.000000
0.000000
0.000000
0.000000
0.000000
0.000000
0.000000
0.000000
0.000000
0.000000
0.000000
0.000000
0.000000
0.000000
0.000000
0.000000
0.000000
0.000000
0.000000
0.000000
0.000000
0.000000
0.000000
0.000000
0.000000
0.000000
0.000000
0.000000
0.000000
0.000000
0.000000
0.000000
0.000000
0.000000
0.000000
0.000000
0.000000
0.000000
0.000000
3.220240
3.525823
3.367334
4.686268
5.342590
5.342590
7.165406
8.424861
9.581829
9.581829
10.531860
11.449166
12.140431
12.739101
13.039422
13.741140
13.942088
13.863250
14.279004
14.528178
14.548743
14.548743
14.548743
14.039099
14.133099
14.219124
14.269960
14.269960
14.450782
14.721838
14.170164
13.935656
14.351409
14.444562
14.505820
14.445991
14.445991
14.336005
13.918801
13.918801
12.605947
11.264425
10.317754
8.635373
7.069507
-4.566286
-0.000000
-0.000000
-0.000000
-0.000000
-0.000000
-0.000000
-2.847648
-4.857488
-6.046453
-7.033770
-8.516869
-9.569443
-10.747346
-11.987448
-12.507407
-13.723763
-14.482166
-15.320445
-16.877772
-17.874413
-18.736790
-18.736790
-18.736790
-18.736790
-21.416220
-22.461138
-22.800803
-23.795574
-24.115596
-24.654162
-24.814689
-25.083014
-25.037918
-25.434682
-25.600461
-25.960080
-26.158896
-26.411813
-26.455427
-26.594660
-27.139225
-26.986715
-27.435078
-27.322747
-27.322747
-27.322747
-27.322747
-27.322747
-27.322747
